50
4 142
21 117
43 64
40 63
15 8
41 81
15 41
12 88
17 67
9 83
14 131
12 118
24 75
42 8
29 42
22 102
28 16
38 102
3 95
8 109
29 94
47 84
15 28
48 63
14 28
32 137
48 55
7 140
5 108
15 130
44 73
41 64
39 148
5 12
36 43
19 76
34 31
2 79
19 16
15 22
41 5
33 106
46 64
6 110
29 91
42 118
42 62
14 137
13 74
42 65
21 21 3 20 19 5 13 16 6 17 10 8 20 22 6 5 21 19 5 22 20 8 16 19 22 21 3 10 17 24 21 13 16 17 25 4 11 11 4 13 7 12 2 7 10 12 21 5 18 14
16 2 18 2 14 23 20 20 2 8 6 8 3 16 13 7 24 15 8 17 6 11 24 17 18 1 14 20 18 22 15 10 23 16 13 23 10 24 21 9 14 15 8 18 15 21 13 18 16 21
21 20 9 4 3 5 3 3 23 7 19 9 2 2 12 23 14 25 23 24 21 23 1 6 7 16 21 14 11 2 16 25 5 9 21 23 5 9 25 12 8 25 18 21 20 17 19 11 9 10
2 12 13 25 9 14 12 19 5 23 24 11 9 5 25 24 1 5 18 20 19 6 15 3 16 24 21 2 25 4 16 5 2 25 7 24 16 1 18 3 2 23 4 11 4 24 8 2 1 21
5 4 9 3 23 10 11 14 8 7 3 10 15 10 7 4 11 7 19 23 14 9 16 24 23 2 20 8 24 20 11 24 1 11 18 1 4 2 19 15 19 18 15 14 19 11 11 24 16 16
23 24 5 7 1 14 5 2 17 25 13 19 6 14 2 11 19 4 16 7 12 3 25 9 9 24 21 18 15 3 18 8 10 14 11 15 11 13 6 8 6 8 18 20 21 3 13 9 22 11
11 4 21 11 4 21 23 25 22 5 8 23 16 3 3 9 25 1 15 22 16 1 7 19 16 12 20 20 17 25 9 3 23 14 13 4 14 3 8 16 17 20 6 2 2 7 23 15 15 18
1 6 16 7 19 24 20 2 21 2 19 20 11 23 7 4 20 7 3 17 11 8 2 22 14 1 7 13 18 18 19 25 8 13 19 15 13 2 4 14 9 22 22 21 14 2 2 13 21 7
4 14 15 1 14 3 18 20 18 22 17 6 17 8 8 7 18 6 13 21 22 7 3 1 10 12 9 18 4 12 13 2 1 8 21 9 13 20 5 21 22 2 24 21 15 9 3 15 6 2
11 14 7 16 12 4 21 22 14 1 23 3 14 10 6 8 14 1 22 16 13 10 1 4 20 8 22 6 15 11 11 6 1 7 16 18 20 20 11 19 19 2 12 10 17 9 6 9 10 16
18 22 13 13 24 14 21 24 24 14 25 7 17 20 13 5 4 4 17 20 23 12 23 6 3 1 3 7 25 5 7 1 10 8 7 19 1 1 8 24 14 3 1 5 19 5 19 10 24 6
5 3 15 24 6 10 3 25 12 8 23 24 21 9 20 19 5 11 7 17 18 2 17 7 25 13 19 18 23 12 10 11 2 25 20 23 21 12 8 1 25 9 25 1 4 2 19 20 14 12
11 2 24 14 13 9 22 21 12 14 16 6 9 19 14 18 5 14 13 15 4 23 3 16 22 8 11 5 4 21 12 14 17 23 15 17 12 5 19 15 14 14 2 20 10 10 25 22 12 12
10 18 18 3 14 18 7 17 2 15 24 11 10 9 10 15 19 11 24 13 3 24 2 25 8 5 19 24 3 5 23 23 23 3 8 1 15 5 2 6 23 23 18 6 16 8 23 16 2 5
17 23 13 11 19 25 11 3 9 23 16 9 20 20 8 15 10 19 7 10 14 8 22 5 6 23 18 15 23 5 1 3 15 21 22 23 19 13 4 22 1 20 12 12 9 15 1 20 25 12
5 23 19 1 18 16 13 13 22 23 20 11 5 21 10 8 16 9 8 5 8 9 14 7 18 17 13 12 9 5 24 1 25 7 14 15 25 9 20 3 12 24 14 2 6 11 9 19 9 23
14 9 2 3 13 11 17 16 2 16 10 5 12 19 13 1 3 3 8 11 11 24 17 2 18 2 19 7 7 22 1 7 22 6 14 1 24 16 23 3 3 7 17 23 17 4 5 23 25 5
7 6 18 18 12 17 11 13 7 15 15 25 10 5 15 20 4 7 25 11 15 3 6 18 13 24 22 20 10 17 20 14 18 18 25 1 5 6 12 11 22 24 9 21 4 14 1 19 23 1
17 20 19 8 19 23 10 7 15 24 11 3 5 10 11 15 18 7 22 24 1 10 20 14 6 23 17 8 18 7 3 7 7 12 22 4 20 3 19 4 8 6 5 6 12 16 14 4 16 5
23 10 5 16 18 1 24 25 6 20 10 19 6 18 16 15 13 4 2 17 25 18 7 20 5 1 9 19 25 7 12 12 19 13 13 18 8 24 19 8 11 23 11 21 24 3 12 2 24 21
19 4 14 2 4 4 7 23 18 21 3 1 4 15 25 21 9 22 20 21 24 17 4 2 24 16 6 12 6 18 13 1 7 18 6 9 1 9 10 5 14 20 22 6 18 6 22 7 4 8
10 8 15 16 17 14 16 13 4 10 23 18 15 24 25 19 18 20 14 16 14 25 11 13 17 18 19 5 19 4 18 17 24 17 20 10 18 10 7 2 8 9 9 3 11 23 2 9 17 7
12 3 21 8 4 16 2 3 24 3 24 25 7 6 21 2 19 6 3 22 1 8 22 25 17 18 16 17 20 1 24 19 3 18 2 16 15 14 17 12 2 2 25 23 23 15 13 5 8 14
3 20 17 19 19 2 6 6 16 24 11 17 12 9 23 4 19 3 21 16 14 1 21 20 1 2 17 16 16 6 23 2 7 9 12 20 4 5 15 19 11 2 17 1 25 3 6 4 18 13
22 8 4 17 15 18 11 15 20 9 11 1 8 21 3 15 25 2 21 18 22 15 11 19 19 2 19 24 19 2 17 7 15 25 5 19 24 1 4 21 25 13 12 15 15 23 7 10 20 18
20 13 18 10 9 22 16 11 14 23 22 4 18 11 22 1 24 24 9 9 20 12 13 19 6 6 15 1 6 7 10 10 15 18 9 5 24 4 18 24 11 15 22 19 4 14 13 5 19 20
11 20 2 22 17 8 2 9 21 16 14 18 4 15 21 8 22 13 13 18 25 11 16 14 4 23 5 2 14 4 16 22 13 15 5 22 9 10 3 4 3 15 20 15 20 23 4 15 25 19
25 3 21 16 18 3 10 14 23 20 10 19 14 4 25 22 12 7 25 1 14 21 12 8 14 7 7 10 3 23 16 22 7 18 24 25 22 8 19 2 21 19 23 25 25 11 24 10 18 6
18 25 21 9 24 10 22 25 16 17 9 16 23 18 21 10 3 24 3 6 6 16 9 17 13 7 11 5 10 25 15 15 18 21 12 17 17 6 19 9 11 15 21 16 20 6 10 22 22 22
14 12 1 21 6 7 15 4 11 18 2 4 21 20 22 15 21 18 3 3 18 2 9 3 20 11 21 10 24 13 8 10 25 15 7 13 24 10 14 15 20 20 2 24 15 16 12 11 25 17
9 15 3 21 9 10 22 18 19 5 7 8 10 18 2 25 6 18 1 6 22 17 22 6 9 14 23 10 12 3 3 5 22 10 9 21 24 17 3 8 18 20 3 1 22 16 19 20 7 15
7 5 7 16 7 21 4 18 20 20 12 15 2 25 4 11 13 11 20 17 5 18 22 14 15 16 17 17 10 18 12 24 3 10 8 8 9 8 22 7 24 3 18 2 11 17 5 7 8 10
5 17 14 11 9 4 1 14 22 25 3 7 24 20 16 20 13 4 21 25 8 6 9 5 10 19 10 16 23 20 8 14 5 7 23 10 19 16 6 15 20 25 25 8 6 19 14 22 24 6
11 1 20 4 17 19 4 7 17 5 4 15 2 12 10 11 11 20 7 24 25 19 19 13 22 5 22 13 22 8 17 1 3 3 8 1 4 6 9 14 7 22 11 15 22 15 6 9 5 6
11 23 24 8 22 18 8 20 13 23 25 20 9 10 24 19 24 25 17 13 21 21 14 13 21 7 13 2 7 15 13 9 11 19 22 11 25 11 7 8 25 16 3 6 8 24 14 22 10 24
14 25 19 22 19 20 22 18 24 14 16 23 2 10 20 14 21 23 3 13 15 6 24 23 22 17 21 5 8 11 1 6 13 24 23 13 13 9 17 15 18 25 1 24 2 17 23 9 2 5
18 4 1 22 6 23 2 18 13 15 10 1 22 6 2 12 22 1 25 16 7 4 8 8 22 16 4 3 1 2 24 11 14 24 20 24 22 23 21 8 19 3 15 22 21 23 7 13 14 5
23 14 19 25 6 14 25 25 8 11 24 5 13 2 25 7 7 16 20 24 11 3 21 6 3 2 9 8 8 20 10 18 23 17 13 4 22 1 6 12 6 7 3 22 7 5 5 24 25 18
24 23 21 20 13 19 13 10 11 2 18 3 21 25 4 11 24 17 9 16 1 5 11 22 10 14 2 17 18 19 15 23 19 15 5 21 6 23 14 21 2 21 3 3 19 11 16 3 20 7
10 6 14 9 25 14 10 23 21 3 13 1 13 2 2 3 13 11 13 6 22 2 3 2 2 12 22 5 11 14 19 2 19 14 3 25 1 23 1 1 22 22 20 10 14 22 13 17 12 13
3 22 20 21 14 14 1 9 4 5 16 16 13 8 17 15 1 3 17 5 8 3 7 22 21 2 9 6 22 3 21 19 17 2 23 1 2 21 10 13 21 23 19 6 8 3 5 21 17 2
15 1 20 7 23 18 21 10 22 19 9 12 9 14 11 22 10 17 6 6 12 10 3 3 8 25 11 7 14 15 18 14 13 9 20 15 1 4 24 8 5 6 1 7 20 12 11 3 1 15
6 3 24 12 1 19 15 25 2 5 24 20 16 1 15 17 23 1 10 20 3 21 13 17 22 16 21 19 16 7 18 21 1 7 5 5 11 13 12 14 15 18 8 18 25 19 14 3 19 17
6 16 15 23 17 4 14 15 19 2 18 5 15 10 17 5 6 5 25 11 7 17 12 6 1 17 3 22 9 6 23 16 17 2 12 9 8 22 14 7 11 23 18 2 13 8 7 6 18 1
3 19 17 8 24 23 24 11 20 1 12 19 3 1 23 10 22 5 5 2 4 13 14 13 7 13 1 17 8 10 4 20 3 20 8 23 4 11 18 25 10 5 4 5 23 4 24 23 24 3
7 11 22 6 11 15 8 12 15 23 9 3 19 12 2 3 18 17 1 7 20 2 20 22 6 15 25 15 22 12 12 3 25 15 18 19 15 20 25 25 25 24 10 25 11 17 20 5 8 9
16 12 8 25 14 2 23 20 10 13 24 12 22 21 20 19 11 10 10 15 19 14 1 5 3 25 25 21 18 7 19 19 8 19 11 10 20 14 5 18 6 12 25 4 11 15 25 15 14 8
15 17 6 3 10 15 17 6 13 23 1 6 23 1 5 16 16 25 14 22 22 6 16 9 19 20 5 6 8 17 1 22 25 9 13 14 13 5 9 21 16 9 18 19 2 14 2 22 1 13
15 20 5 15 7 4 1 11 17 17 9 7 20 14 20 16 8 16 11 17 10 20 22 5 1 2 18 22 22 2 2 6 13 21 10 14 23 22 7 21 17 10 2 2 2 19 5 21 15 23
19 10 13 5 19 16 20 12 21 23 6 12 24 25 2 23 18 6 20 25 25 4 20 21 15 17 4 3 3 13 25 7 22 24 5 13 23 17 23 13 23 16 24 7 18 18 1 7 12 18
