100
3 132
66 96
98 36
20 137
11 33
42 112
84 251
69 13
59 139
58 266
71 45
17 119
40 107
40 288
85 218
65 220
66 71
15 20
15 39
12 280
46 256
61 148
76 141
34 153
67 133
91 56
44 239
77 182
36 233
89 153
62 87
88 39
12 84
93 212
67 206
8 186
18 294
10 191
96 22
51 76
93 94
42 6
99 213
3 180
24 76
90 230
49 76
85 145
65 167
88 267
28 2
66 17
64 178
68 178
63 107
13 130
86 101
80 57
98 289
98 153
1 30
6 132
31 259
66 98
10 239
3 71
63 198
33 62
19 92
63 205
33 183
7 171
43 182
84 117
52 77
18 172
79 201
95 280
8 227
29 207
72 191
65 193
22 107
24 172
30 184
79 63
84 288
90 16
98 227
92 217
56 48
97 65
75 171
2 284
39 20
21 207
46 21
61 55
35 248
4 219
38 19 16 4 16 33 8 7 46 7 39 28 15 10 51 24 35 35 41 29 7 6 8 33 49 35 3 51 25 47 22 24 29 46 20 45 45 43 6 14 8 49 45 40 11 2 13 15 7 3 37 50 9 49 39 7 49 23 39 11 48 40 3 10 4 43 41 32 8 17 19 7 26 19 45 45 35 22 36 37 15 33 2 10 14 4 30 18 9 14 51 2 17 30 15 26 3 32 16 14
33 45 24 46 27 29 46 27 28 15 36 20 34 17 39 43 6 49 18 28 21 37 7 12 47 27 45 19 3 48 43 50 40 12 3 14 10 2 1 28 37 42 29 41 15 42 51 41 14 37 17 3 39 27 11 23 51 20 31 41 47 8 16 7 9 49 41 41 51 29 25 36 16 11 10 33 19 44 42 34 30 1 20 41 34 25 47 6 5 49 8 41 13 30 10 4 29 21 1 32
4 12 20 30 33 14 37 25 33 29 19 1 40 38 25 31 17 5 25 44 8 43 41 26 45 29 24 13 40 17 27 39 50 10 27 29 10 50 33 5 10 47 17 22 1 29 29 17 38 4 51 6 38 28 11 28 26 12 51 15 23 22 51 2 24 39 29 48 5 36 47 43 43 22 29 42 29 45 34 23 25 45 43 3 29 5 2 15 38 6 47 38 49 1 4 19 27 39 1 3
23 7 51 1 16 34 39 40 13 2 13 25 15 5 6 24 34 16 34 15 18 13 45 28 45 51 23 18 45 36 20 40 9 44 34 6 26 27 7 29 9 27 33 40 1 19 27 15 5 21 34 15 9 26 45 3 51 41 16 1 16 13 8 9 28 26 42 50 5 6 15 22 7 22 25 42 10 10 24 38 8 7 8 31 7 23 21 47 51 21 31 5 27 50 50 9 19 31 25 22
37 11 24 41 23 30 20 40 3 51 33 3 29 36 33 23 13 27 36 39 26 8 20 27 18 51 15 29 31 14 42 40 49 13 22 6 18 19 4 25 24 31 30 17 24 37 40 33 37 10 3 47 32 37 18 22 31 24 18 45 38 28 36 22 42 26 19 8 2 35 35 31 45 47 44 26 29 51 49 18 41 4 36 26 39 6 29 11 43 15 41 3 11 18 27 18 23 14 3 48
1 20 13 12 30 20 43 27 15 8 17 6 6 18 33 1 11 6 33 32 29 25 9 22 43 11 13 18 19 15 50 48 51 42 50 8 36 5 37 19 35 32 48 17 16 36 27 10 22 50 1 3 8 50 39 26 37 6 45 34 45 21 6 15 18 37 47 7 50 42 20 45 8 18 28 20 35 42 4 5 28 41 21 34 5 33 51 32 11 1 12 25 4 35 27 48 38 31 47 23
22 20 9 14 2 7 18 40 30 13 46 45 21 43 41 26 15 47 36 5 33 33 32 20 37 36 44 18 28 44 3 1 5 13 46 45 7 37 24 44 23 4 51 9 41 43 9 17 16 50 29 19 25 9 35 37 48 8 48 43 16 8 50 23 7 11 13 40 25 26 22 28 14 40 41 15 48 41 19 17 13 44 36 29 51 35 1 5 12 37 18 13 36 23 21 6 31 25 6 36
17 18 5 15 30 15 4 50 8 41 13 33 35 5 22 25 30 4 22 35 43 18 31 37 41 38 28 25 28 48 5 16 39 38 28 27 16 36 41 15 37 46 47 9 24 29 47 46 3 5 6 40 10 47 23 42 33 42 32 21 24 14 36 41 37 22 27 36 29 3 48 34 28 26 18 24 27 51 2 12 13 4 1 23 13 23 44 27 48 9 31 31 34 21 19 5 20 7 30 24
14 30 5 18 51 2 3 27 44 16 48 49 2 21 2 13 14 36 9 18 46 38 14 23 13 5 41 20 31 9 5 45 35 30 45 14 43 7 24 1 27 22 18 17 47 40 38 4 26 22 6 13 1 20 12 38 15 34 19 10 34 15 28 30 27 48 46 27 37 47 31 19 13 2 1 50 38 17 41 11 47 48 1 51 49 7 13 12 27 8 48 31 26 16 44 17 8 51 4 19
42 49 49 35 3 27 22 14 3 17 12 4 4 5 21 47 48 22 11 21 22 35 17 41 22 19 26 5 21 18 17 38 22 44 18 21 42 35 43 41 24 1 10 39 7 29 47 6 12 34 4 41 24 11 24 16 17 6 27 12 25 12 46 15 18 12 49 50 44 21 36 24 21 38 5 19 34 45 5 12 6 27 42 29 22 51 38 12 21 16 22 27 1 24 42 2 45 32 32 1
20 42 8 8 18 50 21 27 9 18 12 33 16 38 6 18 11 15 45 12 51 39 21 27 37 39 27 3 21 38 45 3 40 27 35 33 21 35 7 13 41 28 39 22 30 7 5 45 26 35 25 21 13 22 38 17 39 36 20 18 19 36 5 31 23 24 11 41 5 33 27 33 44 38 24 42 35 50 37 35 34 18 17 6 33 1 28 47 7 27 7 33 4 45 41 35 44 48 21 27
18 28 32 17 12 24 43 38 26 23 29 19 24 21 7 7 47 42 46 48 31 26 20 2 21 13 30 31 49 47 18 16 45 2 18 23 41 20 26 14 18 24 26 7 51 4 15 33 7 16 4 38 36 19 34 15 29 30 2 38 38 29 1 30 15 34 44 12 2 8 13 10 47 38 48 6 40 10 43 48 47 18 31 41 5 1 17 32 51 26 37 10 14 50 50 11 30 13 10 5
50 4 46 4 13 39 26 27 41 16 33 44 18 12 24 7 33 35 28 22 42 10 47 10 50 35 28 25 29 31 16 26 37 32 27 42 4 10 11 33 11 13 45 3 25 48 42 37 26 27 21 14 22 34 47 35 8 28 41 50 12 21 20 30 1 48 17 43 28 5 43 27 25 45 49 16 2 33 17 33 49 21 40 43 16 41 28 25 2 10 49 48 46 18 18 32 15 22 31 31
15 39 36 23 8 9 45 30 11 10 31 17 20 29 32 24 29 9 22 18 19 42 12 2 12 39 10 10 12 28 19 16 38 12 20 47 44 2 20 13 19 28 30 44 41 31 19 31 40 14 40 4 38 33 21 41 40 37 44 50 34 45 42 21 12 20 32 39 12 37 23 15 16 39 37 18 49 7 31 12 13 6 2 25 13 2 19 12 46 18 24 30 26 14 26 47 14 43 45 37
34 31 16 32 24 40 18 16 13 8 25 28 24 26 1 9 7 27 17 38 37 8 16 17 12 32 20 41 24 50 34 21 1 51 17 2 27 15 25 16 48 1 1 45 36 39 46 28 1 40 21 33 17 9 42 43 8 30 21 20 8 3 45 26 32 39 2 33 51 34 40 4 35 42 5 12 2 2 41 15 37 46 1 36 28 42 34 33 49 36 26 12 41 36 23 49 28 20 11 38
35 4 21 25 26 33 41 1 25 18 23 7 39 45 23 32 12 19 6 11 26 11 24 10 6 18 50 28 4 13 39 38 45 13 37 10 33 3 48 33 21 10 43 21 1 24 38 5 4 47 48 32 28 48 36 38 46 22 12 35 23 13 16 50 2 47 6 50 19 38 34 24 48 20 50 25 12 36 51 12 39 50 48 47 39 14 41 9 41 44 40 34 10 45 14 2 34 31 45 35
25 8 25 45 1 11 49 23 37 47 46 36 30 33 10 33 1 11 48 47 40 33 42 9 40 9 39 2 51 15 37 11 7 36 10 46 14 21 31 49 21 39 49 4 35 25 27 27 33 22 38 22 33 2 30 18 25 4 49 48 26 37 22 42 14 19 6 28 10 2 12 43 23 30 42 29 3 26 27 23 28 25 7 50 50 21 5 12 50 45 11 23 29 41 23 51 7 9 9 24
35 4 50 19 4 33 12 49 30 26 7 10 10 21 37 5 21 29 50 39 35 33 12 5 17 27 4 19 25 8 40 50 41 5 29 33 41 30 33 38 10 23 16 36 48 42 21 25 48 16 12 41 13 7 31 46 46 25 40 18 19 7 31 48 25 24 4 19 13 31 10 21 43 39 7 26 16 37 21 4 24 4 33 39 2 1 34 4 51 16 9 5 29 30 40 44 22 40 36 7
51 20 23 22 5 20 22 44 5 14 15 28 26 22 18 22 43 9 28 1 22 50 34 10 45 8 26 18 29 36 7 41 35 36 15 28 19 2 26 33 29 45 12 32 11 34 41 39 44 9 12 35 34 10 11 15 20 10 41 1 51 10 42 5 42 12 2 43 26 15 47 51 27 40 42 8 40 28 48 9 4 43 25 37 40 36 12 44 26 12 10 17 18 25 29 39 2 3 36 23
40 13 5 29 42 44 18 31 9 10 19 5 30 34 41 16 26 20 40 19 9 31 47 25 5 6 36 34 30 10 4 4 51 26 25 26 3 49 47 3 16 35 23 28 9 23 10 11 39 5 10 45 22 23 14 50 21 7 23 29 46 36 36 7 45 4 9 1 23 12 9 14 16 45 14 48 21 51 6 3 26 32 15 25 25 18 28 49 44 33 27 1 48 10 14 44 47 43 31 4
51 2 39 8 13 14 30 32 26 4 29 7 43 35 20 37 9 40 31 5 37 13 49 47 21 9 23 11 8 45 30 22 33 10 23 10 32 24 30 14 45 8 51 50 30 28 50 14 28 45 42 15 2 18 23 4 31 36 12 34 49 40 15 43 35 44 49 46 16 35 12 45 51 43 26 17 48 21 6 28 44 38 27 3 31 12 50 29 44 42 36 23 6 21 28 16 10 5 45 29
30 12 28 5 12 17 10 40 30 48 39 43 16 7 46 32 14 29 34 5 6 14 51 7 14 13 25 51 41 5 22 18 17 26 36 4 6 42 32 2 12 25 6 44 39 40 33 25 14 38 20 51 25 2 39 38 29 11 32 3 35 51 48 2 32 50 20 23 42 11 40 9 36 43 44 50 49 5 50 6 33 8 17 12 31 40 19 31 27 25 32 15 16 18 25 29 30 40 51 47
31 26 46 1 27 2 11 51 37 48 40 5 27 27 14 31 47 43 19 39 36 27 39 38 20 10 34 37 38 36 46 25 43 19 46 36 49 45 7 11 21 16 6 22 38 7 21 2 1 49 1 3 32 43 14 3 32 16 16 42 16 16 3 33 38 22 11 19 23 23 39 6 5 48 45 14 4 41 11 41 8 14 7 3 43 41 28 43 48 42 8 45 30 24 21 24 37 12 41 31
18 9 3 47 39 35 20 20 35 39 15 23 2 23 29 51 1 36 33 34 23 22 40 11 10 42 21 48 51 35 23 50 2 16 29 7 34 36 21 29 47 19 33 8 48 49 38 41 29 29 18 1 47 16 42 39 49 40 24 17 1 22 26 3 8 39 48 33 21 27 2 17 10 22 12 16 28 36 1 37 2 16 23 8 39 28 39 10 20 30 46 35 25 45 30 27 17 8 15 4
39 45 9 33 48 19 37 24 10 51 19 50 51 35 49 39 15 42 12 16 15 26 39 12 41 9 32 5 16 40 41 21 42 35 33 38 29 28 20 8 35 2 29 41 2 9 35 32 4 43 32 48 10 2 47 20 15 10 27 4 1 41 20 50 1 37 17 49 32 6 4 48 21 4 31 43 15 8 29 18 39 10 13 43 11 17 26 35 38 48 39 44 46 23 35 6 36 36 1 22
12 39 23 18 20 10 4 14 3 17 42 4 22 4 20 3 29 42 8 16 41 41 10 22 22 48 31 32 8 39 45 36 13 14 34 14 38 8 11 39 33 24 28 17 32 47 28 42 36 5 11 44 5 38 33 27 45 16 45 41 44 25 19 22 23 36 50 45 6 37 36 33 47 48 46 6 50 38 5 5 26 8 30 41 37 20 47 9 5 41 33 17 1 43 26 46 30 11 28 38
50 21 50 33 36 23 34 39 6 34 50 16 12 29 46 45 2 25 42 25 4 28 18 25 33 45 13 37 30 26 29 3 15 32 4 17 7 7 15 47 16 34 18 26 48 9 6 34 21 10 34 42 23 17 13 1 5 9 11 40 15 25 15 15 24 14 35 21 26 15 9 3 44 48 45 7 21 43 5 22 25 48 50 41 5 25 15 45 14 26 3 39 43 37 41 1 9 28 11 46
34 39 6 8 36 18 5 26 14 20 46 51 47 10 23 21 4 33 39 25 49 30 44 34 22 26 2 4 2 10 50 40 50 30 31 46 48 45 34 35 17 17 34 32 27 28 47 23 20 46 9 26 36 1 25 51 8 47 8 8 3 42 1 8 4 2 41 20 45 9 37 17 33 30 36 40 22 45 19 10 31 10 39 28 46 31 47 5 3 49 34 22 20 37 51 44 25 42 40 34
50 44 49 31 31 26 8 17 3 12 35 27 33 10 8 14 23 1 16 39 33 46 6 47 28 36 27 45 20 5 51 46 26 15 44 17 30 16 15 15 46 8 22 45 31 2 13 24 18 30 8 8 26 25 44 24 16 29 24 2 41 41 7 7 45 24 14 3 40 21 31 42 43 38 41 5 49 4 42 18 34 48 36 48 30 4 13 8 5 48 4 46 17 20 31 44 38 50 24 9
17 22 40 20 20 32 39 13 37 8 31 32 51 45 26 17 42 25 7 42 44 27 28 9 12 33 39 43 47 41 8 33 19 9 4 19 47 48 40 38 25 46 36 22 7 12 22 47 11 25 9 18 17 19 44 23 26 29 10 11 12 26 5 44 14 37 9 35 32 37 34 10 21 33 11 5 45 25 39 17 48 27 42 32 4 45 48 25 11 23 6 50 12 5 27 5 9 24 24 19
23 16 9 43 8 22 19 28 33 21 23 35 33 42 26 41 8 15 42 46 48 12 20 26 13 34 16 33 17 51 39 19 2 27 33 48 46 44 35 26 50 10 28 22 3 18 20 8 27 3 25 8 30 44 23 48 50 12 19 48 12 44 12 13 3 33 23 45 39 33 21 23 7 19 26 45 12 39 39 24 34 50 6 20 25 30 17 5 37 31 1 45 41 28 30 39 50 24 47 35
46 48 31 28 22 43 18 46 11 18 3 22 35 51 13 40 27 40 47 18 17 29 44 38 9 31 38 45 6 51 11 1 13 19 36 34 24 33 8 21 33 12 49 42 32 27 9 42 4 35 22 23 33 26 41 50 41 24 19 35 47 30 39 41 15 45 8 44 47 46 20 26 28 34 6 12 35 27 16 50 23 14 14 10 45 28 49 45 34 47 13 12 18 22 3 15 15 31 3 38
37 23 2 12 27 23 28 34 43 31 3 48 20 14 34 31 13 26 8 28 46 34 17 24 29 3 17 25 22 37 14 48 37 7 15 30 34 50 40 29 33 8 4 1 6 6 29 35 12 25 47 12 3 16 5 16 7 3 11 19 32 32 50 38 10 10 44 34 32 42 22 11 5 15 9 47 14 34 50 3 44 31 39 7 42 51 45 16 32 2 46 14 6 22 15 13 47 37 32 22
46 14 38 35 2 5 51 33 16 22 43 5 39 36 39 44 47 47 51 38 45 39 20 11 38 25 14 50 4 19 21 51 4 27 33 24 3 12 30 16 46 2 32 8 22 17 11 30 26 38 50 32 26 17 35 24 41 2 20 15 24 6 40 44 12 11 17 49 32 27 25 30 32 14 24 51 34 23 3 44 32 17 25 19 10 44 26 16 24 23 19 2 38 26 2 33 11 14 4 5
1 2 38 23 7 1 9 19 11 45 37 15 22 19 42 20 24 28 10 37 38 6 5 45 13 24 15 8 15 41 9 9 11 29 6 20 11 10 15 5 13 26 43 38 38 43 18 28 15 51 48 23 20 16 50 38 44 35 8 43 39 40 9 26 1 25 35 42 32 9 44 8 15 33 39 11 49 44 21 29 11 15 27 2 19 38 18 36 15 5 38 49 22 45 15 4 10 16 26 29
4 21 15 33 40 38 14 33 35 12 44 29 9 5 40 2 11 24 32 15 2 19 39 37 24 28 24 44 45 51 7 22 29 31 41 17 2 34 16 3 51 31 30 33 32 29 1 41 32 14 2 16 20 17 49 1 3 38 28 30 13 10 23 44 27 39 24 32 22 3 22 20 22 12 28 22 44 2 45 41 11 27 20 48 24 34 5 29 21 38 19 3 39 17 46 18 48 24 16 28
26 26 1 29 29 25 3 50 13 21 20 1 34 13 49 31 12 24 4 31 27 44 20 29 15 39 22 38 20 47 41 17 41 42 25 44 24 1 48 10 24 2 36 10 28 14 10 46 35 39 18 49 45 26 21 31 38 3 37 23 13 47 46 47 46 29 49 19 16 51 34 21 49 47 43 40 31 7 24 22 37 44 16 46 19 22 25 42 6 31 25 33 16 34 29 29 27 7 39 17
45 47 5 44 1 4 17 15 17 6 11 22 8 30 8 22 18 31 14 29 8 29 18 12 33 30 12 20 47 19 43 32 13 31 3 35 28 36 39 20 7 30 2 30 21 1 1 25 22 41 14 20 39 38 2 33 18 40 42 11 44 23 7 31 46 10 27 30 31 22 30 51 26 12 27 16 43 46 32 5 46 33 22 43 33 23 4 21 48 15 46 27 8 20 7 10 50 1 40 22
36 45 18 32 36 36 3 49 46 13 39 19 25 33 28 26 43 46 44 25 1 49 22 30 36 45 37 24 3 47 17 34 20 27 11 34 2 35 10 13 26 41 15 27 33 23 48 29 32 35 13 38 15 42 43 16 29 48 46 15 19 34 23 13 49 42 45 32 16 51 33 24 17 3 9 26 18 15 5 29 22 22 35 7 13 4 9 18 39 31 14 11 16 26 10 30 4 40 34 11
6 39 45 6 42 48 29 9 33 39 33 28 13 23 9 49 45 48 19 42 43 44 47 42 47 5 39 7 40 39 47 28 8 50 11 33 41 21 24 50 44 47 16 42 23 45 3 25 39 5 11 20 31 12 44 15 28 10 16 16 41 28 1 2 17 2 23 1 48 48 3 44 33 46 14 20 22 12 8 14 4 30 21 24 40 6 12 49 28 10 42 26 19 40 27 48 30 18 19 50
35 11 41 10 30 11 29 37 21 21 26 13 25 2 26 47 43 48 17 22 32 10 20 8 19 29 2 31 33 21 42 19 10 40 5 10 9 11 17 26 40 39 22 36 2 40 31 49 42 28 51 19 1 25 25 27 7 33 49 19 48 51 14 22 26 50 18 13 35 13 29 36 5 4 3 44 30 44 13 13 5 32 37 22 26 40 1 1 2 39 27 38 42 47 7 30 50 16 49 30
16 14 40 22 44 44 51 24 34 24 4 1 41 38 16 13 49 1 24 30 22 43 27 26 7 1 42 8 23 22 16 29 49 45 5 51 49 33 32 9 27 28 34 50 29 8 48 46 2 3 38 18 11 3 39 40 11 37 42 24 13 25 40 3 47 36 16 16 51 18 46 36 11 46 51 46 8 42 31 8 1 49 46 25 48 16 37 36 28 50 28 12 18 37 32 20 48 20 11 17
23 46 30 41 24 3 42 33 6 12 51 6 8 40 20 39 46 43 51 16 45 10 23 48 26 5 15 33 49 20 2 11 11 17 49 9 21 36 14 4 15 35 22 51 19 14 17 28 6 43 43 33 10 5 40 9 28 48 37 24 46 43 17 10 26 51 23 3 43 9 17 25 7 29 28 21 50 9 18 2 23 46 4 29 36 42 23 20 28 49 35 28 35 12 36 4 18 12 7 37
3 43 22 23 30 11 3 1 1 13 27 14 38 50 45 30 35 24 41 20 22 7 29 39 21 16 18 33 35 24 9 16 34 25 42 42 21 13 35 30 46 8 24 35 33 47 32 40 12 7 14 43 21 37 48 36 22 18 12 15 18 11 39 49 33 6 23 42 11 16 50 11 34 28 36 47 14 8 41 33 9 13 48 21 38 27 44 48 30 22 29 31 23 44 12 28 47 44 29 39
2 11 44 49 32 14 49 20 41 9 22 42 25 22 49 14 29 28 13 37 38 29 6 28 8 40 15 34 8 43 44 19 20 24 51 28 1 12 46 48 22 32 16 14 45 38 2 3 17 10 22 25 26 45 34 26 12 30 9 28 24 3 25 10 12 42 27 27 43 36 42 42 9 26 24 46 9 22 33 14 21 24 11 50 33 47 48 39 44 51 18 33 14 11 22 1 43 12 26 47
26 51 17 41 22 30 27 39 28 33 13 24 16 8 48 20 37 30 35 46 18 51 30 42 16 3 2 11 47 25 36 5 1 46 26 4 24 17 36 4 42 8 16 19 37 8 30 32 23 8 41 37 42 13 47 1 4 24 41 46 46 16 37 23 18 9 24 25 10 16 40 2 47 23 13 39 42 43 12 11 30 29 2 44 21 45 42 25 37 35 41 27 4 49 31 1 42 31 34 21
11 21 40 49 30 22 6 44 23 27 11 10 33 29 16 27 33 10 15 33 2 7 7 17 3 31 40 3 19 48 39 45 29 48 25 20 1 49 51 22 17 19 1 45 27 31 46 18 14 2 26 26 22 9 29 31 12 9 25 44 45 10 28 43 16 36 13 12 3 41 24 41 48 17 2 48 34 9 5 27 4 42 48 24 46 21 45 29 6 27 50 34 37 6 29 4 15 43 43 33
51 39 15 23 45 39 16 28 23 6 40 38 49 50 49 28 16 11 20 33 41 18 18 45 16 42 17 33 37 10 35 12 16 5 39 45 48 50 15 47 28 5 9 25 13 31 30 5 48 25 21 12 37 32 39 3 41 27 32 50 18 34 41 16 43 25 1 6 51 22 37 30 44 22 13 36 11 21 28 41 27 10 14 42 42 44 24 2 44 38 45 27 25 30 20 3 3 36 27 31
5 51 29 36 12 23 8 26 41 38 45 31 22 39 30 3 43 15 45 39 11 46 48 16 16 20 47 45 9 10 28 28 4 37 26 36 20 21 51 41 26 13 27 3 44 32 38 47 40 39 43 33 24 18 9 23 17 3 43 2 22 40 9 16 9 49 18 14 4 4 10 15 19 34 31 14 20 44 31 41 27 44 30 51 38 8 29 31 41 20 1 31 30 50 39 14 38 48 47 23
11 20 12 15 33 17 21 18 1 8 5 9 40 4 45 2 21 18 2 34 39 41 20 49 2 22 46 47 3 31 35 3 6 33 41 27 21 9 6 37 51 36 12 32 48 19 9 51 45 28 41 40 27 50 21 40 24 20 38 12 8 11 10 42 1 50 1 22 48 2 2 21 16 40 27 10 28 13 10 41 40 7 36 21 6 51 31 41 11 19 20 3 19 20 5 48 21 5 30 40
9 39 9 12 48 17 1 23 51 25 31 41 31 16 42 28 18 50 49 10 8 14 13 31 26 14 38 25 2 49 22 49 18 33 11 41 2 48 50 21 20 4 16 16 48 36 30 8 22 21 45 29 4 3 9 49 31 8 7 39 42 5 17 38 10 6 51 40 17 39 29 37 13 38 9 10 5 25 48 6 47 45 41 35 24 3 20 1 46 34 10 24 35 26 42 18 16 50 48 15
51 38 43 19 19 27 29 33 7 34 48 39 1 41 47 38 9 27 26 7 4 28 30 28 9 12 50 41 31 36 19 6 20 21 51 13 35 18 38 26 27 45 31 18 25 49 12 21 27 31 3 39 25 34 4 14 33 21 29 13 48 44 33 29 36 27 29 43 33 35 19 44 7 49 32 16 38 22 44 28 31 22 8 23 18 3 24 17 3 13 16 11 46 39 49 38 20 18 19 48
24 31 1 51 17 4 1 29 26 19 4 38 25 22 30 48 51 41 22 5 27 13 30 34 11 34 13 45 19 9 2 9 17 9 24 3 16 43 26 16 14 31 37 36 29 11 20 14 34 22 6 50 39 42 37 34 12 16 8 22 51 47 43 41 47 50 29 21 5 18 11 30 30 21 44 25 20 20 21 34 3 20 4 13 22 48 49 14 50 35 36 10 37 5 16 37 15 6 25 23
12 42 17 44 37 6 45 7 25 6 8 25 7 16 44 9 42 20 4 40 47 46 32 51 24 45 10 23 11 43 37 17 11 22 33 51 3 19 45 34 38 13 2 40 9 50 42 19 28 23 30 28 4 25 32 5 44 7 28 1 43 8 8 16 15 29 13 50 2 18 29 50 35 51 27 44 41 42 31 18 24 48 1 14 17 32 44 21 11 5 30 33 19 5 10 34 30 19 20 40
50 3 41 45 1 27 26 7 2 20 19 29 24 4 45 42 35 25 47 19 36 24 5 45 51 27 15 29 32 36 28 34 42 29 2 22 34 10 3 8 37 32 21 20 45 49 16 39 32 39 37 49 22 6 22 31 42 22 11 6 24 42 34 30 40 12 20 2 32 40 38 15 21 21 36 16 40 26 13 33 26 38 19 43 19 49 20 50 49 37 9 48 24 14 30 42 9 27 27 43
23 47 46 10 6 21 14 24 10 37 22 10 43 27 50 35 12 31 45 2 49 31 14 5 10 37 37 40 47 27 46 14 20 22 35 35 35 22 28 12 5 22 42 33 38 39 49 45 29 29 34 51 41 41 20 18 5 25 19 43 6 8 48 23 23 9 9 26 44 34 3 30 28 32 42 4 5 23 21 12 38 48 22 20 33 27 18 13 43 42 40 20 28 1 17 22 1 40 17 40
14 24 19 30 7 43 42 35 20 39 10 24 7 1 31 23 23 24 28 47 23 38 12 24 22 15 19 46 26 28 36 26 34 1 23 20 22 1 42 22 2 46 19 39 5 33 17 20 40 27 13 22 10 51 43 26 23 50 14 51 46 3 15 45 39 4 6 47 4 26 39 22 9 33 33 5 30 32 47 40 12 23 39 1 3 10 36 5 9 49 47 9 25 17 19 48 48 2 45 21
30 20 38 50 14 44 33 46 32 3 43 38 43 9 11 1 36 41 16 37 32 14 10 2 15 11 22 37 39 10 42 17 35 47 18 30 12 28 51 37 19 35 14 38 5 18 4 34 37 30 24 45 25 37 9 47 37 31 41 51 51 11 36 31 49 3 15 23 49 22 41 10 16 17 12 23 22 38 22 47 48 20 24 34 25 14 39 12 42 12 1 21 37 3 20 50 6 50 44 3
18 24 23 38 49 48 15 25 28 45 3 27 22 8 24 35 38 13 1 16 19 47 12 31 46 24 27 29 40 17 7 49 36 45 31 16 7 39 21 42 27 31 18 51 14 27 51 22 28 45 6 2 15 37 26 17 41 21 6 31 28 6 16 47 34 27 20 23 10 34 21 51 30 3 13 38 3 43 13 12 30 24 9 24 21 9 8 2 5 38 11 41 2 1 23 8 29 8 46 11
18 23 49 44 21 51 6 51 44 35 19 11 51 33 5 9 25 2 41 44 20 4 9 33 26 17 23 36 44 28 13 26 29 32 42 14 36 37 23 4 47 3 37 51 18 38 7 46 2 41 4 8 51 31 48 31 18 3 26 14 37 35 16 19 33 11 31 43 15 12 16 6 33 32 4 7 19 24 9 36 38 46 33 37 39 29 44 7 46 46 15 28 22 7 19 13 12 47 51 4
37 20 35 12 4 16 39 15 2 21 1 44 32 30 7 29 43 15 21 7 5 11 35 12 8 14 18 50 23 39 33 45 46 27 2 32 13 46 1 23 17 3 2 16 43 34 50 30 17 10 25 40 40 37 48 43 7 43 33 4 13 36 38 19 17 51 46 22 44 44 29 5 30 38 32 24 16 44 36 39 7 19 17 37 10 26 8 31 30 10 14 43 27 18 21 33 44 11 43 28
25 18 47 49 9 11 49 34 33 35 19 9 35 41 38 10 51 32 3 48 7 22 39 18 8 17 18 4 9 48 5 41 7 42 26 22 22 49 19 20 12 20 5 51 17 30 50 5 47 18 38 6 15 25 31 37 27 42 19 27 16 12 6 36 17 11 12 39 46 38 16 35 15 9 17 45 19 47 30 43 51 11 51 35 9 33 33 16 14 30 43 31 49 17 9 27 10 22 27 13
28 49 45 13 28 38 47 39 23 8 37 23 30 41 44 44 10 22 36 4 26 48 35 23 36 50 35 40 9 10 12 43 18 28 44 14 36 12 8 6 1 12 39 10 26 13 2 29 16 7 9 18 8 25 36 42 14 29 18 39 26 46 4 8 29 26 38 22 40 21 16 13 4 43 18 40 38 13 45 14 8 45 32 28 46 30 50 6 35 36 20 17 41 21 4 9 25 45 48 46
5 6 33 6 14 2 3 9 19 24 48 4 23 42 17 11 38 11 33 22 20 6 6 33 3 19 27 23 22 3 15 49 8 31 30 49 31 35 22 13 47 10 1 20 28 30 32 7 45 43 31 40 29 15 44 17 21 46 3 27 11 32 36 27 21 40 27 46 44 8 36 31 32 19 15 46 12 38 6 38 19 10 49 38 42 5 34 42 47 40 9 21 35 45 5 13 23 10 30 45
29 22 16 15 4 26 12 8 7 23 12 28 5 43 15 3 33 39 49 33 16 34 22 10 32 25 47 46 21 9 40 31 33 32 17 39 37 3 34 17 24 11 29 30 31 14 12 22 32 22 23 14 23 49 47 16 46 22 32 49 32 6 43 13 16 6 1 33 27 28 40 14 26 23 33 34 38 18 22 51 6 29 49 19 13 23 46 2 3 12 14 31 3 3 15 37 26 41 38 37
3 41 34 11 39 41 40 4 26 45 17 46 49 5 31 6 27 27 7 15 10 23 12 11 41 5 50 30 35 24 10 40 29 34 44 17 30 50 35 21 24 46 15 37 31 10 20 12 5 18 7 26 14 3 27 21 14 6 23 19 16 47 35 44 49 29 30 1 14 33 20 2 51 13 3 20 37 43 7 8 15 33 26 36 3 22 31 30 40 1 51 15 45 38 34 2 32 48 43 29
27 28 45 29 19 48 4 46 23 37 51 11 30 1 2 8 33 38 21 34 15 50 43 19 36 48 33 36 39 39 17 14 31 21 20 15 3 45 16 11 35 48 40 30 31 30 47 36 25 17 30 48 3 45 47 36 28 9 43 49 29 32 9 27 17 43 30 37 41 46 2 35 37 49 48 37 36 48 23 7 32 16 22 21 27 33 23 11 15 24 45 5 18 42 8 26 48 37 14 20
10 10 22 12 49 31 35 18 43 21 25 22 4 15 2 31 16 21 36 28 47 43 20 22 50 38 50 50 32 24 38 19 39 30 13 38 29 38 29 19 48 39 14 26 9 33 49 46 14 33 18 42 46 17 26 36 1 51 51 26 42 49 9 24 14 45 17 48 3 6 22 34 7 39 28 45 50 17 30 32 2 8 51 23 36 38 3 6 42 13 38 10 4 12 29 20 29 42 21 32
1 45 10 21 34 33 24 23 33 2 2 10 7 42 16 8 17 3 27 48 18 20 49 1 21 15 6 48 16 38 19 46 21 49 2 17 45 51 46 46 22 32 37 23 21 46 16 34 40 19 35 40 23 51 21 48 35 12 22 18 42 1 18 10 45 3 46 47 33 35 15 6 42 29 7 4 26 23 11 37 50 26 44 33 11 19 33 32 6 27 5 16 12 11 10 38 32 3 17 45
40 17 28 32 37 36 24 9 7 33 46 9 35 3 36 32 45 5 22 28 14 51 28 23 49 23 49 18 27 8 47 20 48 20 10 18 18 30 40 42 50 31 11 13 40 14 39 25 22 5 9 38 13 28 38 6 8 29 11 31 3 29 37 45 20 17 26 15 30 11 34 14 23 11 2 15 6 2 50 51 41 9 49 18 34 49 33 33 48 41 44 16 21 40 35 45 45 6 20 50
40 9 46 16 24 10 18 25 10 7 47 51 50 30 33 49 38 38 26 23 14 29 47 26 33 47 46 3 8 37 45 19 14 41 11 16 7 3 34 7 24 25 9 4 8 14 29 43 19 46 10 12 50 16 5 46 13 16 30 21 50 3 41 8 49 38 51 37 34 31 33 37 48 28 37 35 18 49 16 5 48 50 50 13 38 4 50 28 32 9 17 34 1 8 28 31 2 44 12 12
9 11 5 7 36 43 38 16 42 37 19 8 2 31 10 49 33 19 33 45 25 9 43 23 8 31 47 22 14 50 9 28 22 32 31 47 9 33 43 49 3 37 34 4 20 41 51 37 48 9 15 16 32 23 37 32 30 39 36 47 37 28 2 11 32 6 46 43 25 13 5 17 16 15 28 37 1 29 22 35 25 44 27 38 7 33 40 5 17 5 39 36 35 37 18 18 30 16 44 42
41 40 37 2 17 26 25 26 9 3 17 4 42 44 41 15 33 17 1 29 48 4 22 7 41 49 22 51 3 3 21 17 2 2 23 2 21 44 11 42 9 38 36 16 39 23 4 50 7 11 17 21 25 24 19 18 44 17 28 43 22 33 43 28 3 46 44 26 19 13 46 14 49 29 40 38 26 35 43 32 25 50 17 13 19 25 10 15 6 35 32 7 34 45 8 22 13 51 13 24
29 42 22 28 38 29 3 46 44 5 46 7 18 17 33 9 33 12 10 51 11 17 30 43 35 11 7 39 20 1 40 49 22 39 18 32 11 21 7 45 23 2 34 10 15 47 13 13 49 42 19 41 17 47 14 14 24 18 27 37 49 28 28 36 42 32 17 16 27 20 45 23 17 1 29 42 43 48 19 10 29 18 30 50 35 47 40 37 7 35 37 10 3 30 37 22 33 33 25 49
49 6 2 31 30 13 46 5 25 43 10 14 25 16 25 34 37 4 42 6 4 28 31 6 18 46 22 5 36 45 23 13 10 45 10 33 30 48 7 12 41 13 31 16 3 30 49 6 4 30 17 14 8 33 50 33 49 3 33 33 27 25 37 40 42 33 16 25 2 42 29 50 46 28 33 50 41 36 26 10 19 27 25 31 38 46 4 44 25 50 36 49 5 21 14 41 14 1 13 19
13 32 7 3 50 36 14 50 42 42 14 37 20 46 25 6 15 36 42 8 7 10 38 50 18 29 40 1 15 27 28 50 13 5 26 25 39 35 39 44 20 18 24 17 13 23 28 35 23 17 33 43 51 14 47 16 21 3 8 33 45 1 9 25 3 4 36 48 13 33 16 13 7 46 49 25 19 46 10 33 3 26 36 15 36 42 38 12 34 12 25 17 20 15 47 7 38 22 15 3
5 12 30 32 22 44 26 50 38 31 10 6 18 30 45 39 17 30 6 20 15 46 35 39 26 8 43 47 51 25 4 49 34 16 16 17 30 32 7 25 1 48 39 3 30 29 47 34 51 38 3 3 1 2 4 34 19 23 31 4 24 37 44 37 8 15 33 40 42 28 10 25 19 11 30 46 18 26 1 33 13 14 41 2 2 13 8 37 14 28 30 1 11 11 2 31 22 20 12 41
39 13 28 24 3 6 51 28 32 2 7 27 46 46 37 17 18 27 32 20 25 42 18 18 24 14 43 28 10 37 33 44 18 10 40 6 11 47 11 33 45 9 34 47 4 5 19 35 28 37 42 48 28 27 1 8 11 20 13 35 46 28 24 7 30 5 26 12 48 42 37 48 10 25 21 28 14 23 39 25 46 30 34 33 24 50 20 51 27 42 39 37 15 51 7 33 49 7 7 1
47 45 7 40 15 32 15 7 4 23 10 12 44 1 38 42 45 25 1 36 35 17 17 10 35 48 48 18 12 27 20 32 43 27 51 49 22 41 24 29 34 37 14 42 1 35 3 36 42 44 9 17 50 40 25 46 10 39 3 16 32 29 2 47 22 46 47 8 22 1 49 35 21 10 21 18 29 11 17 43 17 39 46 18 34 11 17 7 27 13 34 8 3 14 25 21 5 1 2 5
1 34 32 18 44 12 33 5 10 11 4 20 47 9 7 40 47 27 7 30 43 36 12 1 42 4 46 12 51 39 47 9 7 13 25 11 14 25 8 18 44 45 38 24 40 44 41 47 28 37 45 20 46 11 8 20 18 15 49 28 41 14 3 18 43 4 4 48 21 6 15 44 20 49 50 27 20 28 49 33 51 23 38 16 41 24 22 25 21 16 51 11 49 28 16 4 16 31 10 47
43 9 34 9 27 7 13 21 3 9 21 4 20 14 40 24 43 19 43 44 6 48 50 50 43 50 34 6 23 33 6 3 35 7 23 12 20 31 2 49 34 32 22 47 43 3 45 45 23 13 13 50 41 4 33 11 35 50 35 44 21 40 20 46 2 51 43 13 18 12 36 1 43 2 16 18 46 33 11 26 33 44 42 1 35 10 16 15 45 47 29 27 9 23 31 48 23 38 13 27
35 51 50 14 6 31 9 45 3 33 10 48 1 32 46 16 42 19 32 27 20 10 51 39 24 13 42 51 18 32 14 19 43 6 11 15 50 45 14 40 13 7 42 38 31 36 8 12 48 6 36 12 38 42 23 12 45 31 50 7 19 8 15 49 43 20 26 38 12 11 32 15 41 31 48 23 50 36 18 50 46 5 46 29 29 39 51 15 13 5 32 8 9 38 47 12 26 48 32 4
22 23 46 48 22 18 13 11 29 2 39 25 17 34 40 14 44 19 19 39 9 8 33 21 19 47 49 8 42 34 36 48 11 37 39 42 21 51 24 22 35 31 42 22 12 36 22 38 16 21 5 26 41 7 43 17 38 19 31 51 29 17 21 22 42 46 19 12 12 42 29 28 40 40 16 22 46 22 27 3 4 16 45 40 38 40 23 17 10 24 15 24 22 16 20 19 51 32 30 7
48 28 16 44 26 5 43 45 43 17 50 41 27 36 33 28 30 38 46 9 37 48 36 38 41 32 37 21 9 19 7 11 22 11 31 26 25 51 47 33 42 30 25 40 48 1 51 6 20 36 3 16 26 24 47 37 22 34 3 29 30 44 5 22 2 49 1 47 36 35 16 4 29 29 35 44 3 5 35 27 10 41 13 7 5 38 1 4 37 45 22 15 43 36 10 33 4 29 1 1
12 15 51 32 6 50 49 27 5 27 21 18 11 11 32 17 43 40 45 26 43 3 33 49 17 46 10 14 13 27 46 5 40 26 30 46 6 32 35 28 29 34 2 14 44 32 10 14 1 26 25 28 27 38 27 20 30 35 25 14 46 23 38 49 34 49 19 40 27 22 21 34 41 14 31 35 49 40 30 17 15 25 13 42 48 14 34 29 12 36 38 11 51 3 24 10 40 41 32 20
43 6 30 46 43 15 34 9 10 6 42 10 21 11 35 27 37 36 44 7 9 48 36 24 20 7 23 20 15 15 35 41 17 12 50 18 40 16 41 20 16 35 44 22 26 12 9 10 1 47 23 44 27 51 25 20 24 8 10 47 12 3 41 28 29 37 34 12 1 22 14 10 13 50 14 11 1 10 26 32 25 29 30 16 51 4 23 33 32 11 23 43 18 47 13 11 50 6 28 20
8 8 35 33 40 38 29 27 10 36 46 40 29 39 17 31 36 28 6 29 20 38 47 14 17 49 43 36 41 13 2 29 48 50 18 44 39 40 45 26 16 26 8 41 32 27 35 24 19 6 42 16 3 34 27 35 11 47 50 33 46 42 1 25 51 30 47 21 8 15 32 39 41 17 32 1 26 12 41 13 11 30 2 2 38 22 8 28 23 24 21 27 35 11 42 11 13 4 48 46
10 37 39 1 38 43 46 1 41 17 23 19 2 10 12 49 40 50 6 12 49 8 39 37 23 6 35 16 30 36 45 11 42 29 13 21 19 31 2 23 13 34 21 33 33 34 26 35 8 17 34 7 36 25 13 27 10 47 49 2 39 7 9 32 19 10 7 47 49 50 12 47 36 18 25 21 7 37 44 32 15 44 27 25 46 12 50 9 43 21 29 12 17 8 16 35 15 6 50 9
20 41 45 25 34 17 49 40 18 5 9 1 2 48 38 7 12 47 8 40 11 28 25 18 48 12 33 50 46 15 23 32 50 14 10 2 11 46 18 27 2 1 51 15 11 22 16 29 42 20 3 19 36 37 10 34 37 30 9 11 18 2 8 15 43 35 36 10 49 49 21 6 33 8 37 6 35 27 51 47 44 16 17 3 7 48 16 20 21 43 37 41 17 31 1 29 45 36 24 37
32 48 14 29 7 6 42 13 9 12 11 25 11 10 8 23 39 29 25 20 31 23 37 39 23 39 25 31 51 23 8 7 18 26 31 51 30 30 29 16 15 32 9 37 49 16 43 41 2 26 20 45 15 21 32 3 1 39 7 33 3 35 34 41 13 36 22 11 44 35 24 32 39 44 33 26 21 11 6 40 11 14 45 1 36 51 34 41 12 39 33 2 32 35 49 34 49 46 26 1
10 23 48 27 37 22 21 16 15 46 2 2 45 7 7 42 40 11 42 1 42 25 43 15 20 10 35 25 7 23 27 48 8 25 31 10 24 27 18 2 39 32 25 22 5 51 17 34 10 46 25 42 19 50 5 34 1 18 49 21 9 26 51 12 48 51 50 46 45 2 2 47 20 50 34 41 4 15 27 5 21 19 5 12 21 22 1 9 9 32 48 35 49 24 40 27 5 45 16 45
9 34 9 49 19 5 49 33 46 2 7 12 11 26 38 27 20 42 10 33 47 14 13 27 15 24 25 11 17 9 50 38 5 5 22 44 28 43 11 31 32 14 37 38 36 1 23 50 22 28 35 30 32 22 19 15 38 14 16 47 25 29 48 14 10 3 3 48 8 30 32 22 10 28 31 34 9 50 45 33 15 34 2 42 7 24 7 18 51 36 16 47 38 44 33 40 3 50 1 33
26 27 48 25 37 20 32 18 19 32 25 39 20 31 12 4 50 42 18 30 29 46 23 12 43 20 3 6 25 41 2 30 9 12 1 39 49 36 35 37 13 44 25 25 3 45 43 5 23 48 35 43 29 34 16 31 26 29 49 3 41 16 49 18 43 38 36 7 23 8 35 38 46 13 8 10 50 21 44 36 3 33 27 8 11 37 7 49 8 17 25 1 9 43 29 22 10 16 5 42
39 35 23 51 15 40 8 47 50 28 29 21 10 17 18 28 32 26 12 28 7 35 42 38 45 17 19 45 9 34 5 1 9 5 26 14 36 3 45 51 14 2 16 3 2 48 6 43 17 46 14 14 1 8 38 33 14 16 20 2 31 8 20 14 15 2 15 31 45 35 51 23 14 38 26 51 1 28 4 16 40 3 46 4 3 45 26 15 48 2 22 1 10 30 29 40 17 33 8 47
24 1 40 2 46 43 38 1 16 20 28 12 20 11 44 47 33 37 27 17 31 49 13 11 46 45 27 23 21 19 33 23 31 48 32 6 49 10 30 47 33 21 27 11 44 41 14 23 44 4 4 2 1 45 22 28 22 11 39 13 13 43 33 17 47 48 20 27 24 16 26 6 31 51 51 32 10 31 5 22 20 9 6 3 7 15 19 36 13 15 27 8 34 25 16 24 41 25 1 35
48 28 23 28 25 7 21 47 39 39 43 37 31 30 31 20 32 5 24 25 16 41 24 19 51 33 22 15 6 44 44 20 49 24 51 32 2 10 24 4 15 46 51 41 27 37 23 21 7 30 9 19 23 7 33 5 45 35 11 47 29 5 36 11 32 30 30 47 41 7 42 35 37 33 49 50 10 13 19 43 20 3 34 15 17 1 39 14 46 18 11 39 38 6 47 11 8 22 39 4
13 34 2 12 13 50 24 5 29 47 7 24 43 13 22 1 1 3 26 39 19 19 37 39 8 40 8 51 37 30 31 16 49 51 29 8 21 44 3 47 31 3 28 25 29 6 46 51 51 32 4 26 7 28 48 19 39 15 48 16 48 40 44 49 43 22 44 31 17 2 19 18 9 28 49 7 9 47 38 21 18 11 38 18 29 29 13 23 28 29 16 45 44 15 2 40 28 3 39 35
24 41 36 49 33 15 13 28 1 7 41 46 28 5 10 14 22 32 43 22 28 21 48 34 12 49 50 34 14 17 11 38 9 49 33 31 23 32 27 5 10 5 20 35 1 16 24 34 38 14 4 45 43 20 9 41 27 22 32 1 14 42 10 20 4 16 39 22 45 34 51 1 1 38 8 46 30 27 48 39 19 36 18 48 51 22 25 6 2 27 9 24 34 44 44 10 2 9 18 3
44 47 10 25 48 13 32 40 12 36 32 33 35 4 18 23 36 17 21 36 49 15 38 7 15 1 36 5 51 9 46 24 17 33 42 38 35 41 48 27 19 15 27 28 7 5 13 41 31 15 29 3 51 8 6 2 2 14 5 42 45 37 21 34 22 21 2 18 47 27 22 5 23 43 3 25 46 7 16 1 4 22 20 29 36 10 8 40 5 13 38 6 35 10 20 1 47 49 29 36
3 1 8 43 19 40 12 4 39 48 31 18 34 26 38 15 24 42 43 41 21 15 25 35 23 37 40 39 42 15 42 9 26 3 30 1 1 18 41 39 17 29 2 23 39 27 14 21 41 13 35 27 25 40 25 11 41 25 20 24 46 30 24 2 2 45 26 16 30 47 8 49 30 27 7 25 5 13 8 2 45 50 43 36 15 18 35 48 51 39 1 42 47 2 27 41 6 6 20 10
