50
22 2 18 1 50 57 3
22 16 10 1 5 5 4
23 14 10 4 9 27 1
10 24 3 12 19 20 4
2 10 21 18 16 44 8
11 9 8 22 1 1 9
22 1 11 10 4 12 6
8 2 3 24 33 62 2
3 13 12 8 36 46 9
16 5 2 9 15 37 7
11 21 20 20 38 41 10
21 14 19 8 6 9 10
14 16 5 20 5 7 3
4 4 9 22 49 92 8
17 14 11 7 39 68 8
9 6 25 2 31 54 10
13 17 1 1 9 21 9
5 13 20 22 21 62 3
7 16 8 19 40 83 3
5 2 17 3 41 81 4
6 6 1 4 38 43 1
7 17 22 1 10 11 6
8 24 22 12 24 38 2
21 13 7 24 49 139 6
11 13 17 12 26 71 9
19 25 23 8 16 41 10
6 20 6 19 38 51 4
3 6 22 18 41 87 2
4 13 22 12 22 24 1
9 15 16 13 19 28 10
13 10 2 16 50 105 2
12 11 23 16 27 78 7
2 13 4 18 32 51 1
23 12 3 15 30 70 4
2 12 17 6 6 9 9
3 13 11 22 5 10 7
21 11 13 19 5 12 7
5 12 13 2 36 68 2
18 1 17 24 1 2 4
19 20 12 1 13 19 10
15 1 5 7 25 47 1
5 24 22 21 36 44 7
5 2 5 20 24 72 8
17 9 3 21 25 54 4
8 10 5 12 20 45 1
6 4 13 8 8 17 3
24 4 16 2 37 43 6
13 25 21 8 47 107 6
23 12 8 13 42 67 3
25 22 21 20 12 31 4
