150
25 308
82 318
120 251
101 142
142 51
114 431
44 238
96 125
53 246
27 372
145 251
147 177
60 195
126 99
87 244
77 235
4 53
123 85
46 174
45 273
110 435
95 206
66 64
122 184
149 244
70 257
59 185
131 267
59 117
15 400
65 403
105 79
49 284
131 389
38 406
76 77
67 162
147 37
146 111
105 323
19 226
46 231
43 163
132 66
72 361
51 226
131 190
14 106
44 219
71 208
101 392
107 155
99 449
16 200
147 78
94 74
90 194
113 426
22 260
106 303
70 68
49 44
131 281
125 56
74 252
36 362
102 340
37 438
111 416
22 90
142 27
54 358
45 323
141 271
42 172
71 257
145 311
35 14
17 68
139 112
118 426
93 9
60 329
42 308
4 406
129 251
86 391
97 310
13 396
82 270
16 47
1 133
99 427
50 320
65 330
97 320
17 190
7 313
90 220
141 142
18 353
31 132
21 19
140 388
110 169
132 208
127 121
126 281
143 61
52 212
12 253
139 34
46 215
61 421
105 166
35 265
81 132
51 15
48 133
120 132
11 212
111 167
24 108
122 293
87 299
150 345
10 154
122 377
120 436
130 194
48 25
2 165
47 307
52 175
22 14
92 141
63 357
13 225
87 96
69 159
105 166
89 36
97 180
39 175
42 150
128 197
62 277
144 438
88 300
138 200
1 78 71 24 7 7 70 68 70 55 66 25 64 54 11 53 44 54 64 61 9 5 55 18 70 70 25 55 30 67 78 44 8 19 16 26 18 19 24 5 60 70 13 69 39 57 28 57 5 15 44 26 34 70 43 39 64 34 77 78 67 24 60 25 21 65 51 18 62 28 34 32 39 30 64 44 15 39 6 62 77 4 18 73 5 38 3 71 46 65 29 65 40 46 46 18 78 57 59 70 64 75 5 61 31 23 34 38 51 9 63 46 43 53 4 43 50 76 34 26 76 41 77 73 29 14 61 59 71 73 40 71 65 44 14 8 22 60 57 31 70 60 8 38 5 75 26 9 28 54
75 49 47 51 49 47 72 42 23 45 16 1 35 70 56 10 9 38 57 10 20 1 48 13 6 53 52 75 4 74 68 17 51 19 11 57 5 8 25 16 2 34 24 49 64 32 18 33 15 70 5 62 1 54 19 77 1 77 28 9 42 78 8 11 44 44 15 28 65 38 20 53 56 56 23 76 40 62 8 44 29 71 55 14 27 62 22 23 19 76 48 28 49 48 4 51 17 71 60 9 31 39 74 46 60 70 38 77 62 48 13 48 57 34 5 40 35 40 5 42 1 47 17 68 62 66 22 4 23 37 40 11 2 65 12 37 47 59 65 66 71 77 28 47 76 40 16 13 13 69
20 25 73 16 38 40 54 9 58 1 36 78 78 42 2 35 52 66 76 68 39 53 48 5 60 5 12 24 10 78 75 77 55 50 2 75 74 4 44 45 70 49 67 44 2 61 68 73 35 74 3 46 74 4 39 17 48 19 20 42 35 27 49 57 5 68 73 37 66 21 20 12 16 4 13 78 28 75 3 51 41 65 34 67 25 31 59 8 70 55 5 71 13 23 17 15 12 50 57 41 67 17 58 62 3 7 65 18 66 24 27 71 6 46 24 4 14 19 64 9 34 66 72 55 66 46 69 29 69 51 28 36 49 23 68 48 58 45 28 14 12 29 25 1 5 10 20 52 34 75
26 4 6 23 57 33 38 39 11 73 8 23 5 25 19 10 38 35 77 45 56 9 76 62 72 27 1 37 65 68 37 69 15 31 58 67 60 9 66 9 65 56 58 49 68 7 76 19 36 44 56 42 57 69 6 15 8 19 4 43 38 25 10 5 54 44 27 5 72 72 23 36 32 36 46 23 53 62 76 68 58 36 27 47 9 22 45 38 51 48 32 65 31 14 3 9 48 65 58 41 11 37 13 1 54 21 70 34 75 49 32 55 50 62 14 42 52 9 27 68 61 48 2 17 45 65 25 22 10 33 28 30 58 62 41 67 68 35 1 23 45 5 14 30 66 24 50 60 61 37
12 39 63 20 26 42 72 7 47 71 28 20 12 66 7 25 25 46 43 73 15 70 15 12 26 7 46 75 16 43 68 70 69 8 28 25 46 3 70 69 33 77 31 20 52 71 10 33 4 20 5 19 20 78 71 13 63 46 12 63 6 61 31 50 74 23 67 32 74 59 38 56 76 4 38 60 50 17 3 40 17 58 57 16 36 1 16 75 17 34 25 17 57 32 18 8 54 4 41 16 72 67 48 68 45 39 31 78 2 22 25 27 36 75 15 72 70 44 24 47 30 64 45 61 58 43 46 21 62 72 12 36 62 32 3 5 15 19 59 31 1 73 21 18 44 36 27 50 21 62
17 55 41 41 61 5 47 46 77 70 7 11 30 60 43 37 58 67 70 62 33 15 3 28 49 66 16 44 75 22 62 58 52 36 66 46 58 20 15 46 23 23 66 6 7 21 3 70 11 41 34 49 34 22 11 72 9 32 35 73 47 52 5 11 45 1 58 46 77 42 23 75 8 78 74 17 70 78 5 9 55 46 70 54 23 31 24 14 8 55 27 36 55 53 55 38 68 5 62 47 21 43 42 12 68 10 67 51 65 70 26 7 59 60 49 20 18 78 15 40 39 22 35 30 73 44 37 49 23 19 60 16 21 4 1 16 13 7 18 4 6 45 13 19 12 11 51 63 2 65
24 4 9 22 2 58 4 55 39 11 56 44 11 36 4 51 78 31 33 43 36 36 4 26 73 65 25 11 14 51 31 4 55 67 36 12 23 65 65 37 29 73 15 24 61 62 74 78 39 7 72 58 51 69 52 64 24 61 34 51 75 65 77 67 8 48 33 9 11 72 28 19 51 16 38 27 20 78 78 21 77 4 77 22 40 37 43 36 9 24 38 59 6 40 25 40 48 55 58 3 14 39 4 77 56 39 21 40 8 42 25 4 31 46 57 72 49 70 24 69 70 19 40 6 36 72 54 48 76 41 52 21 6 20 34 64 10 67 23 66 28 4 69 48 41 52 24 77 56 36
44 47 14 70 30 5 30 20 21 52 34 25 3 76 33 69 1 53 34 8 8 46 38 16 64 11 69 26 14 2 78 70 78 1 12 77 14 28 11 10 40 54 1 1 1 73 24 78 60 38 43 2 47 17 13 60 1 67 71 78 59 56 42 73 42 44 6 76 46 1 61 2 71 22 11 57 56 44 55 16 72 66 67 36 12 63 31 44 52 38 28 35 62 23 60 64 36 10 31 66 69 78 8 12 10 73 16 41 22 50 35 9 72 69 29 5 53 15 61 24 38 70 64 74 18 78 47 76 19 12 25 20 50 65 4 22 62 39 21 12 14 58 8 42 67 56 70 2 64 74
77 17 40 60 72 48 31 49 25 22 75 19 54 43 64 58 21 57 24 37 9 76 16 15 3 13 51 49 38 31 62 3 12 55 50 32 74 28 55 46 11 19 34 16 38 49 35 29 76 12 50 13 26 10 7 51 50 55 44 32 17 51 48 69 75 18 7 60 74 68 17 18 43 46 45 38 68 51 32 9 8 60 7 78 1 27 4 30 66 70 64 73 43 30 4 47 21 20 48 34 60 50 11 29 42 28 28 8 25 43 24 65 25 44 22 65 8 50 1 59 62 21 78 3 13 63 48 67 22 50 12 5 26 12 39 3 8 73 63 75 11 71 59 61 53 53 70 69 71 46
48 73 68 32 19 25 37 12 37 21 78 15 31 44 61 66 71 41 26 11 37 70 24 72 63 51 37 8 40 65 52 40 15 53 54 56 71 78 75 72 52 33 53 49 20 72 16 52 40 19 55 59 14 15 4 50 40 11 61 19 76 67 45 58 33 18 69 1 4 62 40 26 55 78 66 65 48 26 34 1 20 62 66 28 49 4 12 67 15 49 26 29 31 68 49 28 6 25 13 77 4 31 47 18 42 37 49 55 22 21 29 29 66 19 69 43 78 30 30 16 53 54 34 58 9 52 73 20 42 50 49 31 70 57 37 18 53 49 70 20 53 31 13 16 26 3 53 65 13 20
74 38 31 27 1 30 47 62 68 46 55 48 72 3 15 20 4 71 65 71 68 45 4 33 62 36 75 58 19 14 35 11 48 29 7 9 66 16 11 47 12 8 47 7 76 68 10 36 24 78 61 10 71 75 34 36 53 36 48 15 7 32 10 17 44 22 10 49 28 46 76 57 65 5 69 62 61 67 1 76 76 64 28 65 38 59 31 78 70 45 72 1 58 63 54 5 56 12 24 36 9 12 60 23 62 60 65 20 65 50 30 54 4 56 10 39 61 46 38 69 37 35 76 69 57 23 56 55 37 26 53 44 5 68 16 42 33 53 15 17 55 78 28 68 44 37 15 42 34 1
33 9 7 14 58 50 73 64 14 31 39 67 61 1 63 47 28 5 40 44 65 25 15 6 51 59 34 63 37 4 25 57 42 4 62 25 64 75 30 73 53 65 59 64 2 63 13 16 78 2 67 14 47 69 48 59 61 59 60 36 54 31 29 51 52 15 2 17 60 69 4 26 78 48 45 59 76 36 70 10 3 19 31 49 73 77 62 59 50 10 29 49 35 9 41 41 63 42 59 59 73 39 72 44 18 44 35 22 24 64 31 2 59 59 17 68 50 37 70 49 28 19 75 6 66 16 45 5 20 11 6 23 43 44 27 69 26 62 71 44 13 7 7 65 70 66 33 26 22 38
3 31 9 55 2 11 54 14 9 74 17 36 63 44 64 51 20 11 44 41 21 72 71 16 42 57 50 24 72 28 42 67 31 11 12 16 68 72 11 37 48 34 63 55 78 67 48 65 16 58 26 15 21 55 40 27 36 36 24 4 30 72 2 37 56 21 67 69 7 4 6 65 22 34 65 26 37 59 62 25 27 55 54 8 48 75 4 8 50 70 74 49 73 75 29 63 68 49 1 61 25 76 48 17 15 11 69 27 19 78 49 19 53 2 37 56 49 73 69 24 13 13 32 41 20 12 36 72 13 78 59 31 61 19 78 66 49 29 40 63 27 2 73 72 40 50 70 13 70 65
6 7 76 6 23 68 38 44 63 24 53 20 42 13 15 12 38 65 64 70 11 58 69 18 59 67 69 36 17 28 39 19 56 78 60 49 40 22 53 11 61 56 17 40 72 76 56 30 1 58 50 33 65 59 65 5 63 50 40 33 41 57 77 30 68 76 12 75 65 17 59 23 68 58 34 34 57 51 67 24 69 33 31 51 39 60 57 14 32 31 63 40 10 62 58 16 63 52 39 15 77 7 24 4 11 6 69 63 41 21 76 70 71 36 51 63 15 33 75 56 27 3 8 16 17 12 17 63 31 60 43 1 50 65 71 43 62 58 61 23 28 19 22 71 45 28 73 20 45 53
33 30 24 74 23 23 72 59 65 4 66 66 38 17 38 35 59 17 31 12 13 60 31 55 3 78 77 11 38 38 63 30 66 11 4 58 62 47 50 39 75 35 37 58 19 55 21 27 46 32 36 42 23 26 46 77 70 72 48 52 63 38 60 19 59 67 15 59 68 61 29 14 62 73 78 30 18 21 15 17 60 30 36 77 19 69 33 76 66 69 38 58 67 31 55 76 57 31 23 41 65 58 2 13 43 40 12 50 57 9 24 71 63 44 62 77 47 53 45 4 48 69 46 19 27 21 77 40 44 4 14 73 76 39 56 43 12 31 36 35 38 71 3 33 14 51 43 43 46 73
4 71 58 76 75 4 35 9 48 25 67 51 2 29 8 22 3 45 50 14 37 27 65 69 71 67 12 23 74 57 3 48 55 54 63 68 29 1 36 61 33 15 7 25 46 54 25 4 15 51 40 66 24 66 78 21 14 25 63 47 40 49 48 42 4 58 38 53 59 4 59 9 43 45 8 48 5 70 75 38 63 14 36 30 27 68 26 1 28 29 61 73 12 68 13 34 12 33 77 42 59 4 15 59 73 46 36 3 68 10 13 63 40 57 75 52 55 56 64 12 65 76 48 67 10 27 4 34 67 53 20 46 66 4 15 73 73 14 37 14 34 26 19 37 53 9 63 67 31 49
59 52 33 58 40 68 57 69 12 60 32 75 12 23 22 15 45 36 5 33 9 3 19 17 53 2 40 50 32 28 30 33 66 60 71 49 9 19 57 65 19 74 50 44 56 44 32 11 59 2 26 43 32 60 29 76 51 66 30 39 40 15 24 50 19 53 2 43 63 54 7 13 26 68 56 41 64 35 27 61 50 34 12 29 26 70 41 10 73 16 73 6 13 40 25 53 6 54 51 35 4 42 42 14 47 61 72 48 34 21 31 68 78 47 70 44 30 9 30 39 68 26 35 10 45 29 44 9 63 52 75 6 19 40 4 61 66 70 31 59 67 4 76 50 73 26 16 65 59 12
6 19 56 41 40 8 66 53 64 28 19 36 30 1 37 56 33 53 18 47 38 1 73 53 52 5 9 25 23 24 38 48 63 52 71 5 24 47 32 40 6 13 63 40 5 28 48 5 25 22 34 63 50 70 14 8 29 71 4 63 24 21 49 46 7 39 70 72 2 14 13 13 38 16 60 20 71 56 42 76 15 45 4 2 61 78 36 3 1 71 19 23 51 56 13 35 23 77 70 67 34 14 18 45 56 44 2 57 22 30 15 16 4 65 54 67 55 52 38 58 55 5 70 33 27 15 29 21 46 74 49 35 71 13 28 56 57 15 33 54 23 3 7 49 37 68 38 68 64 16
33 35 55 48 14 28 64 32 26 5 35 31 36 78 43 62 15 70 51 56 1 23 23 54 50 6 43 11 35 37 26 67 51 17 30 8 30 60 7 3 39 20 41 1 11 12 13 48 2 10 65 9 46 78 44 26 28 76 27 9 27 35 26 30 61 45 14 71 44 16 46 68 10 67 16 76 17 54 24 14 76 49 65 52 39 69 59 9 56 7 55 18 63 45 43 31 36 26 1 58 52 9 43 14 67 25 30 14 75 3 54 58 78 27 33 78 67 2 54 19 11 8 22 40 60 76 18 67 72 77 64 71 1 15 68 55 36 36 66 38 18 32 62 63 64 4 75 6 18 71
3 73 12 78 57 48 41 55 30 62 64 32 34 29 57 50 2 61 1 74 78 61 56 35 15 64 3 65 52 41 78 75 42 61 20 63 19 31 39 62 76 43 63 61 2 30 74 13 50 68 6 48 67 47 69 35 59 42 58 1 15 19 46 42 30 70 28 72 65 55 8 75 16 64 57 53 78 11 43 50 9 50 55 69 27 29 16 24 74 52 51 42 1 27 42 50 47 31 26 62 14 60 37 18 58 24 57 16 8 71 16 48 41 65 48 34 17 33 70 9 64 3 17 2 50 19 75 17 68 4 22 48 16 71 49 55 42 77 59 39 71 69 58 25 20 73 27 28 5 12
65 4 29 73 33 35 29 54 48 38 25 27 62 32 7 45 75 29 54 58 17 45 10 35 27 10 27 3 8 60 22 18 63 64 50 51 51 33 74 55 66 44 70 65 14 11 66 5 65 33 55 58 50 36 30 54 74 77 14 32 10 36 33 49 78 33 47 51 35 4 43 48 39 28 78 13 63 8 36 56 21 47 49 34 59 29 77 69 70 45 25 64 55 53 38 56 37 16 30 7 45 14 29 3 58 66 10 50 5 36 53 25 5 28 33 75 29 3 41 39 7 44 6 4 60 55 6 9 73 14 55 69 57 44 67 20 51 44 38 57 63 56 12 54 32 57 73 56 63 70
15 12 17 72 78 38 78 68 23 73 20 51 4 51 67 20 50 4 50 63 30 75 28 37 43 71 21 54 26 26 1 61 41 44 15 52 58 71 20 67 19 54 9 43 32 16 44 23 29 51 19 61 24 22 56 60 35 34 67 62 17 76 13 77 22 44 73 50 25 51 41 32 13 21 58 24 47 39 59 9 15 13 43 25 48 72 40 72 28 70 64 59 73 37 71 33 51 41 28 28 40 11 20 29 72 58 77 68 38 25 43 66 46 11 35 74 12 32 7 14 68 36 70 27 36 52 43 70 11 57 48 13 42 65 21 24 3 41 54 36 30 53 59 3 2 50 56 48 60 24
67 15 46 61 36 1 41 63 66 16 54 39 8 38 27 46 44 60 77 36 4 43 66 19 69 11 4 59 58 20 51 10 48 52 75 61 12 48 78 32 2 65 76 45 56 59 74 72 66 17 11 15 29 37 2 68 72 40 64 40 42 73 72 37 37 70 75 70 18 6 53 34 24 21 65 77 71 66 14 39 78 33 15 68 29 16 27 30 25 27 41 15 13 39 60 74 23 48 61 43 62 37 27 50 14 76 55 33 36 25 55 37 29 15 11 8 28 9 22 77 1 51 26 6 18 46 54 25 54 27 50 21 49 78 64 53 78 37 67 2 54 14 24 41 59 10 31 62 57 53
27 12 77 60 45 5 40 38 47 3 69 63 28 2 55 54 3 43 47 74 14 22 19 55 30 49 64 15 22 73 44 60 70 62 15 29 66 63 70 19 77 18 68 67 39 68 77 8 27 39 14 55 6 6 15 32 53 75 77 60 49 22 74 21 18 42 5 44 16 74 49 23 32 40 43 59 23 31 58 57 51 12 4 14 8 10 4 21 65 29 57 66 5 47 49 70 9 44 26 44 17 9 56 75 9 53 13 53 62 14 37 30 32 65 49 66 72 16 65 50 48 73 13 7 30 28 59 39 2 10 65 48 26 78 20 68 26 74 32 10 74 78 2 10 78 54 1 78 28 50
53 38 52 35 7 6 75 41 58 36 44 54 29 76 48 17 59 3 69 23 9 68 15 70 26 10 38 14 21 34 6 22 53 30 39 43 7 54 76 29 6 44 38 54 77 9 53 3 60 31 15 24 67 9 64 22 32 14 51 63 70 62 61 33 49 64 29 34 17 61 65 77 48 28 12 30 3 67 55 63 50 48 64 70 15 1 53 36 59 21 77 15 61 22 33 26 8 32 47 32 32 26 51 26 43 46 12 8 24 22 30 69 33 41 50 44 67 5 16 47 20 43 46 59 54 68 78 71 10 20 56 75 27 25 2 64 60 30 32 51 34 2 37 55 49 55 45 9 76 42
13 64 27 28 64 25 9 29 7 35 10 71 11 7 58 47 2 54 44 6 59 77 28 68 69 16 20 73 28 65 33 64 76 42 15 59 40 28 5 13 38 70 15 46 47 52 37 41 77 14 43 60 58 46 30 68 45 67 12 30 7 27 31 31 2 72 17 4 39 39 59 7 13 66 41 22 54 15 42 70 37 9 2 11 29 59 42 28 19 56 24 53 45 1 61 26 66 8 68 65 18 1 52 75 12 16 52 57 40 46 48 43 77 11 32 65 47 21 47 69 74 34 58 46 21 66 35 8 9 55 75 74 36 50 28 33 59 67 2 73 50 71 60 15 76 23 61 44 18 59
54 55 44 66 62 15 67 7 6 52 45 23 64 26 44 42 52 43 17 59 31 39 18 26 62 42 35 63 67 25 76 75 15 58 54 69 61 24 52 47 31 46 56 9 15 35 70 52 76 55 30 26 66 46 31 14 45 3 13 77 48 8 3 4 52 49 75 43 47 41 15 29 38 74 22 55 49 40 68 5 14 61 38 21 5 48 8 75 7 70 42 66 27 5 56 14 15 74 44 74 21 45 27 50 46 27 71 4 19 76 59 23 29 68 78 2 70 69 27 24 40 35 70 52 11 52 34 4 65 13 42 54 64 36 76 59 78 58 64 62 57 35 49 25 60 71 19 15 38 69
6 75 30 34 66 29 8 12 7 56 37 17 43 70 9 55 43 78 41 41 50 32 21 15 55 12 53 50 40 46 60 22 45 24 69 46 61 13 8 50 70 58 46 50 22 54 28 50 51 46 5 4 49 74 2 2 59 61 39 38 42 64 10 2 27 20 61 63 27 69 73 2 1 78 43 1 72 48 7 11 19 45 65 70 38 37 36 21 60 48 21 51 22 11 78 34 20 36 66 14 67 2 12 30 13 10 15 78 20 35 76 66 69 19 57 50 71 14 76 57 33 65 21 76 67 34 66 15 14 59 60 68 13 64 22 13 18 12 67 38 46 35 54 51 8 34 73 20 25 6
26 59 17 49 59 55 4 2 75 74 12 77 6 73 71 1 3 41 58 70 4 32 25 55 3 15 18 67 24 34 10 45 35 45 73 57 39 74 9 59 38 19 75 78 20 25 61 17 53 45 54 23 63 29 55 78 42 15 63 45 14 10 75 75 75 65 74 44 44 13 17 8 25 76 72 70 55 5 48 59 34 54 28 33 10 29 75 53 25 41 47 76 71 17 69 11 72 17 63 10 77 18 13 70 62 72 9 70 58 45 1 33 60 56 29 74 5 35 60 34 26 37 38 16 9 36 39 41 39 61 39 57 68 2 74 16 28 17 56 10 36 18 73 4 76 7 61 47 64 55
24 13 7 38 36 11 7 17 73 28 38 35 20 4 73 23 44 15 3 55 13 74 44 78 24 63 57 54 70 35 21 54 71 43 45 71 4 58 26 45 24 61 21 25 72 52 22 27 73 13 6 15 49 72 14 4 14 32 21 52 35 3 14 50 60 73 39 18 24 50 66 5 27 18 13 28 66 69 29 26 69 53 25 52 3 29 42 15 20 9 49 36 73 47 46 43 65 35 51 13 2 56 31 3 77 15 16 42 73 60 5 15 71 50 48 28 22 46 19 71 9 25 40 18 4 65 19 69 68 29 10 7 11 14 38 31 34 58 77 77 42 29 40 73 47 39 74 63 40 39
55 24 52 50 16 5 30 40 64 30 1 16 70 10 66 20 10 34 35 2 66 66 77 15 41 14 20 15 48 26 76 3 10 29 52 17 20 4 38 56 49 25 68 35 34 60 10 78 23 6 22 52 65 55 45 29 43 65 34 58 54 47 42 69 35 46 38 20 49 69 42 26 63 16 26 14 60 20 8 65 13 30 25 2 20 17 58 5 8 14 58 56 32 47 15 9 60 33 21 4 77 38 61 15 1 49 75 77 7 66 50 31 36 47 14 39 43 37 1 44 11 34 8 51 67 27 39 59 39 41 39 22 16 62 8 31 76 49 3 16 56 9 60 8 26 42 54 25 52 70
73 51 27 11 32 30 68 77 48 54 53 64 21 34 67 9 19 61 42 8 52 51 42 78 61 12 48 30 10 8 57 72 66 18 12 41 29 51 66 24 45 22 69 29 64 70 19 73 47 20 43 47 41 23 59 73 74 55 17 58 62 64 11 58 33 66 64 57 62 12 55 6 60 78 5 56 24 52 68 18 23 24 33 21 49 47 64 65 18 18 43 72 14 50 40 51 4 1 18 75 71 31 43 26 56 28 66 43 1 58 42 29 60 53 59 18 5 41 49 58 31 71 76 19 8 39 17 9 39 28 60 71 31 33 4 19 57 19 62 3 5 56 31 65 37 40 41 24 11 36
36 53 65 14 45 28 3 42 44 68 14 4 12 49 60 39 13 45 7 20 63 58 72 63 41 24 78 2 18 9 59 64 39 43 64 23 11 66 40 76 7 3 13 68 42 69 72 61 73 69 49 76 77 16 70 60 27 63 37 1 47 2 10 34 13 68 69 49 8 33 27 11 49 51 67 55 4 62 69 3 71 31 6 7 2 12 59 9 49 34 41 8 70 22 25 15 78 20 70 16 19 63 11 59 33 5 64 15 28 37 57 70 66 26 14 6 74 7 39 62 33 21 41 23 59 67 14 67 59 23 69 55 10 34 16 26 51 77 68 32 33 52 19 52 16 54 40 31 58 70
11 67 23 57 12 20 43 64 44 65 3 75 31 39 33 25 18 72 39 21 61 76 53 60 61 27 54 41 70 74 37 3 62 71 72 4 66 63 8 27 58 46 8 49 57 3 56 68 15 17 48 62 47 63 10 63 40 64 59 42 12 74 52 60 6 20 1 70 59 22 69 49 10 14 37 67 49 32 14 55 18 22 35 11 36 35 8 56 41 53 37 72 53 29 10 3 49 72 57 44 38 38 12 57 19 8 73 6 4 17 44 73 46 67 61 45 15 22 32 13 14 77 21 24 64 1 7 25 43 30 17 30 72 77 2 68 56 63 56 46 61 42 26 45 51 56 7 73 31 45
11 10 31 47 72 51 63 24 30 65 36 1 30 17 33 44 37 6 29 22 28 46 34 29 64 26 64 42 56 7 1 67 37 14 28 66 49 74 9 3 14 32 65 40 62 70 23 78 51 77 35 18 41 19 34 74 55 51 67 51 11 24 61 63 32 17 15 76 32 48 52 75 23 61 1 15 52 2 14 24 56 40 57 67 58 30 42 1 55 18 14 11 17 55 28 24 74 73 25 68 77 49 78 74 40 3 27 6 38 42 70 70 75 44 73 51 19 50 61 14 57 57 50 41 38 61 31 34 9 49 42 39 56 16 71 17 59 66 73 30 23 56 44 45 39 33 26 54 21 11
18 71 61 33 12 72 61 76 52 35 43 17 34 1 11 35 31 16 56 71 29 20 33 39 47 51 47 28 74 9 30 32 65 50 36 78 41 22 48 56 17 70 65 44 6 68 78 29 35 30 62 4 34 5 28 40 61 31 46 77 30 55 72 36 63 20 71 70 40 18 27 39 41 48 57 52 50 47 13 39 4 20 40 59 4 18 67 52 64 17 47 68 22 22 21 43 45 77 69 62 29 15 35 58 25 11 75 70 71 11 54 61 8 35 73 11 76 1 5 77 77 2 55 74 29 37 40 13 73 11 33 21 16 12 48 77 43 21 29 1 76 50 56 22 59 44 45 38 46 44
74 25 64 43 6 14 64 34 6 27 34 26 1 14 26 26 37 11 13 57 24 64 37 22 35 38 66 39 37 67 63 33 53 14 60 37 76 1 32 74 43 19 53 30 43 17 27 42 51 39 2 3 38 17 36 23 46 52 59 44 69 64 50 42 11 75 31 37 38 12 14 57 12 44 67 67 39 23 63 31 28 52 42 57 47 53 21 17 42 61 34 49 10 9 15 78 48 70 22 76 68 39 23 56 77 71 32 74 22 46 78 23 29 4 45 55 47 3 8 60 14 75 65 5 44 9 53 19 64 50 20 17 21 7 54 11 17 71 39 18 78 4 61 57 51 47 48 16 52 66
68 55 70 62 28 68 55 30 53 12 43 78 72 69 20 43 52 23 4 32 3 15 18 72 46 39 72 56 45 28 41 71 41 77 51 32 9 6 7 69 39 5 30 60 50 77 76 69 8 14 20 72 52 62 2 58 78 33 21 21 3 22 13 1 78 44 11 58 13 52 64 40 64 72 14 77 28 20 24 21 3 53 46 73 58 46 75 41 8 63 34 16 66 30 26 29 57 57 31 55 76 62 12 55 5 37 63 1 19 71 71 45 21 78 45 28 46 7 78 51 28 75 11 42 65 46 46 35 73 6 23 52 18 65 17 50 60 38 68 18 54 9 15 33 28 19 71 36 25 45
59 69 28 16 59 31 64 43 29 68 46 70 19 33 47 25 30 19 41 60 6 24 57 30 73 3 48 50 14 24 62 74 23 75 11 35 8 43 41 29 39 41 66 30 71 12 46 77 11 5 30 46 28 21 53 76 68 33 2 12 73 32 19 43 67 68 29 9 53 53 59 50 55 10 15 41 40 43 34 20 18 37 26 69 63 54 49 57 56 75 46 13 18 23 66 24 7 24 25 69 42 18 42 41 69 14 50 62 35 30 4 15 55 2 27 56 46 69 56 27 28 7 13 23 11 45 15 48 71 58 55 41 18 41 73 36 3 53 63 43 5 18 25 38 28 56 2 46 62 33
50 42 41 57 40 5 61 36 66 38 42 27 65 68 32 26 26 39 8 33 37 58 4 26 5 59 41 76 57 55 55 63 39 52 13 44 35 25 1 40 34 64 50 62 50 30 6 30 2 26 65 28 35 49 2 10 28 26 38 19 52 27 31 70 38 28 58 64 7 42 54 55 48 26 48 44 51 74 33 28 16 29 48 23 71 51 52 49 25 21 14 39 41 40 16 45 8 25 34 74 68 33 68 37 21 67 9 76 34 47 30 13 70 31 54 13 73 63 3 54 16 51 53 59 28 72 3 29 49 10 67 61 46 40 2 15 49 12 4 55 31 56 40 9 11 20 58 18 53 27
46 43 11 78 10 21 46 40 30 76 12 25 51 44 55 26 1 63 47 21 38 63 62 77 59 50 39 65 50 9 54 30 39 51 41 1 66 49 76 1 32 43 78 52 9 77 26 7 29 77 39 35 22 63 71 63 24 39 20 21 24 32 32 10 64 15 32 71 78 11 29 1 29 15 58 71 55 34 65 77 48 58 15 17 29 1 64 32 1 70 62 57 29 44 63 75 75 6 16 43 46 60 56 63 41 38 19 41 55 24 63 46 38 19 44 44 36 13 3 15 64 32 5 40 21 68 54 20 3 47 9 66 61 54 24 38 24 21 57 55 16 27 66 60 24 62 39 34 12 65
48 42 34 61 47 74 16 6 13 70 78 38 36 63 7 67 13 21 65 4 53 75 32 70 2 74 60 3 4 40 47 57 76 33 10 41 46 7 71 18 3 2 46 70 58 70 8 29 36 61 55 41 7 69 59 41 8 71 35 75 74 65 59 34 40 46 38 10 2 13 57 57 31 19 49 38 11 34 78 66 54 45 62 11 6 7 53 20 57 65 64 44 64 65 32 7 15 43 57 50 54 51 61 35 17 13 19 56 56 27 67 31 7 21 45 20 51 75 40 75 14 26 4 14 69 77 14 8 59 6 37 30 55 20 57 74 40 63 53 50 69 41 45 58 30 61 30 11 22 60
54 53 69 57 12 17 18 51 41 2 37 49 30 50 49 78 62 34 67 34 58 44 41 13 24 50 42 57 10 29 20 56 4 18 21 7 12 15 11 63 45 13 56 71 4 71 72 33 77 75 19 20 46 56 35 3 59 44 8 32 66 42 49 66 56 74 19 28 14 29 14 59 61 43 76 26 40 78 71 51 21 6 64 49 39 15 50 44 9 41 59 2 46 5 15 64 6 48 27 68 38 20 26 55 71 24 68 64 4 39 48 28 56 33 33 28 76 8 58 8 10 17 11 29 61 19 12 27 21 72 56 22 12 27 73 72 27 19 33 75 67 56 62 71 41 35 24 60 63 53
14 69 73 4 62 2 41 72 19 57 38 13 12 51 38 25 41 19 10 58 7 60 10 53 34 28 6 17 7 3 21 24 43 61 22 1 36 44 47 39 17 33 16 72 46 14 57 67 8 64 73 39 2 66 73 41 21 51 49 7 30 4 35 9 8 54 33 40 28 74 61 14 33 39 36 29 7 45 11 60 29 11 77 67 13 77 73 49 4 18 70 63 22 18 44 50 37 66 31 46 1 45 77 2 33 32 17 31 32 46 13 71 1 3 60 57 25 6 69 37 63 32 78 22 33 32 75 28 16 3 70 35 63 44 70 53 5 61 35 13 40 16 12 45 66 78 35 41 57 47
40 60 44 41 62 26 1 4 70 78 67 10 25 61 34 16 48 37 63 25 3 69 36 55 3 46 24 29 39 64 14 65 9 71 41 44 22 12 68 39 50 72 44 7 3 35 36 77 30 43 16 55 61 58 4 65 45 6 51 67 12 38 5 56 54 14 71 71 54 21 36 8 33 25 57 17 29 59 3 47 15 44 20 38 71 7 7 13 64 77 19 21 74 45 22 43 36 77 1 56 54 11 20 5 65 62 57 35 34 5 25 38 48 39 30 71 17 4 1 50 23 54 9 43 44 20 66 12 27 48 18 28 35 77 63 76 49 32 19 74 35 52 22 18 16 27 69 73 66 72
66 41 33 28 35 15 25 23 53 49 64 1 77 3 68 31 68 69 13 56 68 49 68 2 40 60 32 48 43 25 59 70 4 29 38 58 44 57 49 31 6 49 28 7 56 16 54 49 41 1 11 74 8 29 34 65 74 71 3 41 15 70 63 12 28 2 3 47 48 30 10 45 42 61 14 57 5 71 50 28 43 23 35 39 16 61 33 43 26 2 3 38 33 15 32 24 28 2 71 65 52 6 35 64 6 33 19 12 48 37 11 3 16 46 63 30 21 44 50 44 27 72 71 20 67 3 21 38 66 16 76 76 27 38 49 63 12 17 41 34 10 53 53 46 10 12 55 65 5 27
39 33 77 36 43 58 57 48 17 27 38 65 45 16 38 77 10 55 17 62 37 43 61 3 57 36 4 70 39 31 43 62 74 3 57 65 9 3 39 78 49 60 36 16 75 61 35 14 8 78 21 24 46 42 43 19 4 40 52 36 22 71 59 60 41 77 36 57 75 60 19 72 23 16 15 65 45 1 62 39 35 71 78 43 56 62 62 59 49 27 58 16 27 1 34 14 64 16 43 42 34 18 34 2 55 3 58 49 15 72 41 7 76 72 20 37 52 76 49 59 69 71 19 6 76 43 22 38 1 73 7 71 51 48 9 27 47 63 67 50 9 46 1 11 70 39 11 67 61 2
57 2 58 27 33 45 38 38 37 51 68 29 60 69 8 19 7 30 55 51 55 73 7 24 56 63 72 41 60 42 28 24 75 60 67 45 13 42 16 13 17 21 11 10 26 42 27 3 36 30 78 9 18 57 12 6 71 31 29 50 77 28 21 67 8 27 33 1 39 53 66 23 26 38 4 45 70 42 64 53 72 57 77 43 59 8 4 37 9 74 26 46 53 68 58 27 49 30 53 66 69 29 58 73 42 24 43 69 18 44 68 67 71 77 59 45 66 21 60 32 40 9 37 74 46 22 2 55 24 37 14 67 10 22 71 54 76 54 74 46 57 2 47 55 61 29 15 78 28 19
10 74 77 58 63 31 78 67 72 19 21 55 35 50 8 69 41 73 56 17 37 13 27 64 18 56 76 5 76 11 32 16 61 18 71 25 76 39 48 9 32 62 24 2 76 69 40 40 56 15 18 40 68 35 34 31 51 70 52 24 1 2 18 12 14 7 71 22 44 40 67 71 1 63 28 51 3 12 11 24 5 38 5 42 1 60 58 54 66 60 52 64 22 13 46 33 10 59 38 77 77 65 35 7 38 49 50 15 2 17 58 26 29 37 65 24 23 37 15 78 47 31 47 42 19 44 15 63 16 19 2 24 42 37 34 40 55 56 13 16 38 56 5 34 62 24 53 17 36 54
76 66 19 49 52 75 11 62 61 73 36 46 12 76 76 66 76 60 36 46 24 36 11 13 2 57 17 54 70 45 7 59 55 10 55 26 60 28 77 59 32 8 18 53 12 38 33 75 59 62 35 24 32 33 30 4 64 37 6 22 5 65 57 21 22 34 44 58 40 21 39 12 69 66 29 78 30 36 53 56 12 30 39 48 75 57 41 40 46 69 69 63 15 61 3 28 27 44 41 44 12 39 44 72 51 46 45 74 23 33 9 27 14 23 6 54 46 53 43 25 14 33 40 35 3 20 43 50 20 10 67 43 32 1 56 75 47 50 73 44 65 12 54 18 69 46 9 1 21 36
67 2 3 72 6 2 68 33 5 76 9 32 51 26 56 42 71 31 12 15 40 72 51 23 51 60 12 60 7 55 2 9 70 5 78 51 45 3 76 33 44 78 71 38 49 40 37 25 47 21 50 53 20 32 19 29 48 77 4 67 9 30 31 50 64 74 26 22 60 32 54 27 57 20 43 12 75 16 12 52 54 57 46 52 35 40 39 45 13 14 38 51 15 50 49 15 49 78 63 56 60 25 40 12 61 23 27 39 40 38 58 46 44 12 21 6 51 28 36 43 25 5 57 17 50 65 11 73 59 68 48 11 7 31 54 17 45 44 10 19 77 61 34 23 2 13 75 20 14 26
33 63 3 65 17 37 57 5 59 2 10 24 6 27 37 14 54 7 41 50 38 48 26 14 61 72 54 71 53 72 37 3 61 61 49 13 38 44 14 22 30 53 58 3 17 5 20 8 38 40 32 61 24 74 72 20 31 39 55 30 12 15 29 16 51 57 6 65 19 39 62 42 64 45 77 42 25 6 39 25 6 67 62 64 63 76 56 40 57 41 34 78 12 31 50 74 33 8 11 69 44 13 67 52 34 69 64 30 18 47 6 41 44 49 30 30 33 64 62 55 60 71 36 52 10 22 46 21 42 60 5 55 69 38 37 50 12 44 31 22 28 27 58 16 15 38 29 75 20 16
50 23 25 17 27 25 48 40 2 72 26 77 6 9 63 52 37 28 50 75 15 30 69 69 63 64 58 32 14 69 33 28 50 5 27 29 72 33 48 35 75 46 16 53 14 27 63 36 77 3 54 48 18 56 21 59 67 57 66 24 38 72 34 5 20 69 11 16 54 47 4 50 3 66 30 45 76 25 6 34 28 73 56 9 30 37 41 55 7 38 63 62 53 32 42 7 77 11 66 10 67 52 47 40 23 32 24 25 2 68 12 57 51 8 17 62 27 27 38 16 23 58 8 66 25 7 3 10 60 21 46 37 11 20 45 30 54 55 18 43 25 3 32 67 55 17 33 20 58 22
47 68 9 71 77 60 18 22 39 36 19 38 11 8 37 24 22 24 45 68 45 26 22 53 71 13 62 30 53 35 35 2 66 26 62 76 64 63 78 6 51 27 7 40 12 15 19 73 10 47 67 13 53 53 39 6 23 61 50 58 51 25 14 48 13 39 27 12 44 74 42 51 60 5 32 2 65 56 6 10 55 11 65 78 45 40 36 41 22 78 18 12 37 70 76 48 70 65 74 18 71 78 6 38 22 57 59 14 22 16 33 50 35 73 34 1 67 36 77 49 43 64 27 50 53 26 22 30 7 19 28 3 67 64 77 14 36 16 49 46 3 17 27 55 38 70 24 9 66 61
73 3 10 23 42 47 21 74 77 20 20 17 12 5 73 66 23 43 44 13 45 17 23 72 67 55 57 77 49 61 7 5 70 70 9 55 46 28 62 43 42 60 32 12 36 1 2 26 50 4 53 11 39 18 47 44 13 20 78 43 49 13 10 41 36 22 29 64 58 31 56 23 38 64 71 27 25 62 66 45 15 4 25 13 16 14 76 26 16 56 22 62 27 52 46 28 77 74 55 56 9 5 76 65 7 39 12 17 6 78 33 76 18 73 76 68 27 24 38 4 57 60 24 57 2 67 20 48 54 22 2 35 58 72 22 14 30 42 67 68 76 77 1 12 1 50 65 8 55 42
4 53 2 23 24 62 60 71 47 26 9 56 20 44 14 39 42 76 63 17 4 8 49 24 50 11 6 65 63 31 28 21 18 17 21 11 37 34 43 63 9 16 9 74 6 15 61 53 73 60 24 66 68 15 46 7 70 54 65 71 68 9 54 3 73 12 51 5 25 39 16 18 58 62 51 25 43 76 69 14 52 26 20 34 5 58 23 46 45 12 36 35 43 71 33 74 64 3 24 4 41 25 68 12 37 54 56 73 73 25 2 76 45 7 14 31 60 52 60 35 36 28 32 30 27 3 65 52 34 5 42 28 25 37 69 12 50 77 7 32 19 51 27 74 30 13 7 71 49 37
50 58 9 78 21 67 15 56 71 47 18 48 73 61 47 35 75 58 58 36 52 13 21 38 37 63 32 7 23 61 36 34 64 9 40 8 10 73 61 48 23 51 34 9 34 37 20 78 44 3 3 24 58 77 70 19 13 65 15 11 68 32 62 23 21 29 74 47 63 53 37 71 24 13 77 65 49 9 12 28 35 16 34 10 68 36 59 53 38 76 15 75 56 33 36 54 20 74 13 26 33 73 26 48 39 78 39 49 37 10 67 37 17 10 7 43 68 73 13 67 23 11 44 12 60 17 10 64 21 35 57 52 35 52 25 48 41 70 49 13 2 43 64 70 51 48 14 61 27 35
35 69 5 52 33 11 49 6 44 27 14 41 61 3 49 55 59 54 36 37 18 8 71 6 4 53 63 22 22 29 2 73 33 36 10 21 21 68 52 17 17 20 35 7 46 68 12 31 15 1 11 31 27 67 15 28 24 29 74 39 70 57 44 36 54 43 15 34 21 38 45 24 13 8 70 14 4 61 72 27 54 14 78 29 19 30 76 15 5 1 65 49 56 33 25 54 28 76 73 32 23 48 1 63 60 75 16 38 7 2 7 39 2 63 5 46 32 40 69 76 15 18 17 42 40 43 57 68 19 61 72 68 35 25 19 31 23 63 7 9 47 9 62 13 36 57 7 66 59 14
4 44 52 49 51 12 54 28 66 41 43 7 58 58 6 78 61 2 77 10 78 76 69 78 76 23 22 47 43 13 15 75 11 16 22 41 45 77 61 54 64 31 64 17 71 43 40 47 54 39 7 49 69 56 69 22 29 41 6 52 35 40 15 27 21 28 31 76 26 46 10 24 16 57 28 64 15 58 3 18 58 69 4 64 52 54 68 10 11 47 71 64 51 69 10 38 21 7 30 25 61 16 44 59 36 71 28 4 31 73 28 19 18 47 48 72 45 76 36 57 12 61 66 71 4 10 67 12 68 12 56 64 43 52 35 11 32 4 4 17 47 26 61 58 45 68 51 41 30 41
42 15 17 3 24 14 29 75 76 63 53 41 10 34 27 39 21 61 53 12 68 11 53 32 74 78 17 22 5 78 5 35 52 36 8 57 52 65 50 32 1 57 70 57 14 23 50 71 54 23 16 35 52 63 42 56 77 30 13 43 30 63 33 59 40 19 20 41 64 21 21 12 18 3 43 38 21 28 67 64 71 3 67 10 47 27 26 43 60 11 25 59 42 8 63 24 56 69 71 19 32 7 73 75 68 30 59 45 64 29 70 37 61 14 33 66 37 50 71 56 61 67 35 2 63 19 69 30 71 18 39 70 19 30 69 34 10 23 49 73 59 33 53 28 20 25 39 58 8 16
20 48 14 38 6 34 22 51 63 47 73 42 7 42 33 47 25 15 54 34 38 15 1 28 33 42 42 23 65 78 22 22 55 56 23 11 13 16 78 47 77 5 33 77 71 18 24 3 2 78 22 11 64 43 8 54 18 63 14 77 11 70 53 38 47 67 51 14 77 43 7 23 11 68 13 40 56 59 5 5 78 27 13 20 40 11 40 22 19 12 69 42 43 71 72 65 65 29 33 18 65 20 23 44 19 76 1 4 56 31 39 38 4 63 28 58 36 59 78 34 58 42 71 78 71 57 62 46 69 18 46 70 46 71 35 40 69 73 10 36 9 28 18 58 53 16 60 52 73 58
72 42 12 15 58 12 9 62 33 54 37 54 26 31 2 15 77 42 22 44 57 26 21 62 36 42 41 66 66 18 3 39 16 41 29 46 59 62 41 34 50 32 16 6 34 51 26 12 61 45 44 15 61 41 14 25 53 54 9 60 38 61 63 29 65 57 46 3 58 20 4 33 16 57 38 2 9 59 12 40 14 34 49 56 33 55 5 52 68 32 60 9 7 3 72 23 25 62 2 30 77 22 62 4 35 47 40 63 23 19 78 66 56 50 76 33 47 65 45 55 14 20 72 64 29 46 43 63 57 40 27 3 20 72 66 18 45 52 72 69 64 28 55 55 39 50 1 19 63 8
31 11 50 22 55 50 57 53 66 69 8 30 20 69 55 62 59 62 9 62 32 65 56 49 53 17 60 74 40 48 68 33 17 27 20 67 40 61 18 57 14 4 2 34 36 71 35 21 15 22 47 47 70 5 6 41 39 4 21 32 44 36 59 14 64 48 15 61 17 58 75 31 9 18 52 5 39 47 59 46 33 16 41 76 54 57 9 55 39 35 63 73 33 56 60 12 48 34 27 47 62 18 53 53 66 17 67 5 46 48 11 22 16 54 19 37 31 76 42 31 16 65 5 50 8 58 70 49 21 33 51 67 36 42 35 26 25 34 44 37 18 37 72 22 70 72 4 17 21 47
51 64 38 59 66 5 12 44 46 43 28 18 36 63 28 14 47 56 71 5 60 14 73 6 46 38 73 26 25 7 9 31 66 75 75 53 67 50 22 33 50 28 31 31 42 53 6 53 50 36 4 17 3 7 20 77 63 68 22 50 60 27 75 42 65 67 52 13 38 49 13 25 44 60 8 76 21 50 11 6 28 57 44 57 51 5 32 51 67 9 31 31 50 71 15 48 61 45 15 3 58 74 25 15 39 6 42 75 66 8 35 45 16 66 9 1 33 20 59 61 21 52 54 36 23 35 31 15 10 59 55 29 39 15 10 16 27 4 54 3 37 65 31 69 24 64 16 21 32 75
35 24 53 24 62 35 14 44 67 60 64 14 76 28 60 61 13 75 57 78 15 13 17 59 41 45 8 32 6 5 18 43 35 15 73 48 37 45 69 56 51 78 2 38 30 36 24 74 57 56 41 20 3 70 52 73 59 71 15 1 67 14 44 19 66 48 54 17 3 62 72 39 11 72 73 28 78 42 5 3 17 25 64 5 39 20 21 54 56 53 38 51 5 77 62 64 23 45 69 17 34 14 63 31 1 11 74 61 17 7 70 34 7 24 49 65 33 41 43 70 32 13 11 55 40 23 70 19 43 15 16 41 66 57 25 76 73 49 77 1 62 75 45 45 13 28 23 68 50 19
58 34 68 40 61 60 66 48 36 32 70 66 68 54 29 71 75 69 58 54 8 56 16 19 76 51 33 68 22 78 64 49 45 15 42 55 18 13 76 73 77 27 4 44 18 78 62 49 19 8 69 1 13 21 13 58 71 4 10 12 6 24 10 70 50 64 18 12 24 34 57 10 16 30 62 71 8 69 63 11 76 76 20 61 48 71 50 33 35 4 70 73 28 39 58 51 71 10 48 39 17 33 5 10 16 31 10 48 52 6 72 60 24 69 77 74 3 62 67 57 73 60 51 27 73 47 33 33 66 60 30 76 62 26 58 36 62 51 60 31 3 47 48 75 68 25 12 27 44 60
48 38 54 26 49 73 57 52 62 42 64 24 52 70 45 39 46 20 74 42 9 59 12 73 25 1 65 37 27 12 60 26 50 75 63 24 50 20 7 21 15 25 11 77 65 36 75 33 45 32 19 74 27 18 30 9 65 32 16 41 60 7 24 59 44 59 28 54 41 46 34 65 55 41 21 16 30 29 13 23 57 17 53 56 71 57 44 59 36 49 45 42 60 75 67 50 57 30 40 54 48 57 5 10 60 49 68 65 28 48 30 2 40 47 25 32 76 66 31 50 29 67 35 38 39 61 62 40 36 23 24 49 1 72 52 56 41 13 3 78 48 20 75 72 7 5 35 53 15 68
21 69 78 35 70 28 42 25 55 9 44 78 6 77 26 55 45 52 18 69 30 68 50 22 65 63 39 56 21 19 40 26 78 70 68 26 39 48 17 75 42 64 31 42 24 49 49 47 68 28 12 14 33 32 77 17 51 55 70 10 32 24 26 30 47 55 49 15 49 61 7 36 45 15 69 47 44 29 34 32 39 51 57 34 21 61 8 41 6 25 50 41 22 65 51 49 23 39 9 38 9 48 45 75 30 69 47 64 23 11 2 20 43 71 27 54 70 40 19 65 1 43 73 12 62 40 35 50 21 37 38 31 74 40 72 63 20 10 53 25 61 10 56 67 18 43 13 78 12 72
74 78 32 28 20 30 47 23 8 10 16 58 4 45 65 38 30 63 9 16 36 36 20 59 43 24 42 42 55 31 51 76 68 59 65 32 38 25 65 78 74 20 62 6 64 62 38 36 36 63 24 78 58 75 51 46 78 32 1 77 15 24 34 61 56 27 43 75 2 29 9 61 29 24 19 3 50 28 68 12 23 78 39 63 3 42 59 66 67 35 7 47 23 78 30 58 44 78 28 16 9 25 43 78 38 61 48 76 46 18 41 69 68 73 73 72 29 12 77 63 45 26 45 73 57 65 12 54 70 13 16 43 44 47 55 28 68 5 13 18 5 50 45 72 1 39 58 70 29 64
78 36 58 44 57 78 5 55 9 27 37 59 14 21 3 53 38 59 4 49 52 6 48 22 47 1 25 13 2 28 47 24 76 2 58 48 78 62 71 78 14 13 57 68 70 19 15 5 9 76 25 45 67 12 22 37 32 40 6 12 56 23 71 56 38 78 27 55 60 72 11 47 44 40 72 78 35 24 25 33 1 27 58 74 64 58 16 1 24 57 65 34 31 71 49 68 38 7 17 24 10 28 19 28 66 13 71 28 60 12 54 51 2 31 69 31 63 55 12 40 51 1 66 18 1 38 24 17 21 36 60 16 3 47 19 51 17 49 57 26 20 60 30 36 48 29 77 67 51 21
30 30 10 3 66 76 23 43 62 14 67 7 50 27 63 75 71 24 26 77 40 47 21 35 26 72 52 49 12 31 49 20 58 61 8 1 48 25 75 13 52 20 53 29 78 67 36 16 43 47 5 43 13 15 24 44 28 26 27 75 71 47 30 27 75 66 40 12 64 28 32 29 45 53 42 10 49 17 35 1 12 23 63 63 3 37 63 60 55 26 16 40 51 58 44 2 33 35 45 38 38 55 15 67 67 32 78 49 18 62 70 32 46 36 25 43 73 43 16 58 15 60 11 27 24 72 51 75 62 62 40 66 24 56 34 52 10 25 46 5 22 72 73 26 9 6 53 64 3 54
24 71 16 39 32 53 41 56 11 14 78 48 18 44 1 70 37 67 40 41 23 32 28 41 31 45 14 78 4 73 78 11 20 58 11 52 13 77 31 71 17 72 21 76 55 74 46 70 42 45 7 61 65 8 5 29 57 60 62 13 9 10 27 42 27 30 42 2 29 58 49 15 28 76 55 11 73 34 22 52 13 42 48 36 77 13 48 68 55 17 52 63 34 13 73 55 37 18 65 7 12 57 67 11 41 65 17 74 7 73 67 18 48 22 60 71 21 53 20 65 40 69 15 20 45 12 18 21 47 28 73 2 24 34 26 76 22 32 15 68 68 62 44 43 59 76 1 22 12 29
50 3 69 70 46 45 76 4 22 49 74 69 17 20 47 25 12 10 7 14 36 71 1 42 70 67 42 66 53 59 11 78 8 25 10 54 46 20 48 53 58 20 33 68 63 34 63 28 53 58 8 24 53 68 47 4 49 77 7 3 66 58 72 40 45 56 22 24 58 27 15 53 70 2 26 49 27 4 51 56 38 51 56 30 69 59 50 1 16 32 52 56 41 12 49 45 9 37 36 11 43 57 51 70 78 24 41 46 36 53 26 64 66 54 44 76 69 50 23 53 22 58 8 17 24 14 70 22 27 2 26 29 26 43 36 39 42 76 61 54 46 46 76 5 18 24 18 7 37 43
72 63 36 10 43 41 44 51 58 36 29 69 31 28 65 14 60 52 11 19 12 36 21 7 10 27 56 14 48 71 36 5 45 74 12 7 5 62 36 36 26 70 75 64 56 2 9 22 70 31 42 69 64 5 16 69 2 43 40 62 62 3 45 24 20 75 3 62 16 26 77 59 69 58 14 21 32 4 28 30 59 69 59 12 8 60 31 12 54 19 8 12 5 33 17 13 47 48 5 10 67 27 20 44 53 46 51 76 6 18 29 2 67 31 41 16 66 4 19 63 25 55 57 46 42 23 13 26 47 76 13 72 63 76 57 35 57 12 54 73 18 67 3 78 37 47 30 51 56 46
43 78 59 57 55 16 57 67 76 9 24 28 61 20 42 31 23 45 35 37 25 62 10 47 38 21 53 5 64 24 57 18 63 54 38 11 61 27 26 8 19 5 28 4 61 76 47 2 55 33 27 54 36 1 58 19 39 51 8 21 17 62 10 5 19 41 59 2 40 12 41 22 6 25 75 25 4 1 42 44 17 11 23 46 25 25 15 42 23 62 37 75 29 50 11 50 29 8 14 59 74 55 36 2 17 11 24 73 11 44 18 18 19 61 49 51 67 24 23 48 53 51 25 26 31 16 28 22 5 60 61 16 40 68 35 57 5 5 44 33 10 67 6 8 2 33 50 54 67 63
43 14 60 60 51 76 70 37 50 58 17 54 24 75 41 37 38 19 12 62 9 15 78 14 24 22 17 45 1 16 20 3 43 52 5 57 77 45 41 60 10 69 10 42 57 32 15 2 2 7 21 1 42 73 60 39 29 44 52 1 22 13 50 73 57 41 61 34 70 71 56 31 65 1 30 39 32 49 76 48 46 58 71 22 51 15 57 24 28 11 71 64 68 37 3 55 38 64 45 58 48 66 37 59 26 42 27 58 10 60 55 55 71 42 27 10 41 54 77 54 7 6 45 16 25 22 21 44 69 63 69 21 55 16 66 12 33 66 30 12 51 55 57 61 21 44 17 64 71 42
52 35 6 13 50 71 35 70 18 7 25 61 66 6 57 73 23 67 24 36 63 44 56 57 14 58 7 59 11 66 2 48 63 12 63 50 27 9 55 72 42 75 64 29 72 53 49 22 4 16 63 78 73 43 9 54 48 72 27 20 64 11 56 58 67 78 24 9 63 78 62 10 23 42 1 61 14 16 16 3 72 38 55 21 51 1 76 2 21 38 26 46 53 76 23 8 77 47 65 49 17 40 60 34 49 37 30 67 52 6 61 53 9 4 22 40 25 24 30 26 49 44 62 37 27 66 42 15 60 55 70 11 48 6 7 42 32 59 58 24 29 54 3 2 32 10 6 17 14 50
13 9 30 18 3 7 15 30 34 49 2 4 57 37 77 46 48 74 36 52 22 71 73 31 36 17 28 22 34 58 27 43 28 77 18 46 37 2 72 62 24 14 74 16 34 67 25 77 2 25 34 28 18 21 71 76 15 70 66 47 2 39 53 23 39 34 46 2 75 69 43 37 78 59 17 52 3 64 38 46 21 25 70 50 1 61 68 43 53 35 70 9 35 9 39 61 2 9 44 31 15 22 21 30 36 52 37 17 3 24 68 48 27 13 57 4 46 38 7 54 21 29 57 70 12 13 74 35 18 45 65 23 16 45 18 48 59 71 30 27 1 61 74 1 6 50 8 9 57 39
68 23 49 8 75 30 17 47 41 45 43 63 67 30 60 49 10 58 4 46 52 45 62 74 70 63 45 70 3 53 1 63 77 58 34 61 68 63 21 58 75 39 35 31 75 76 56 56 28 22 21 73 40 77 29 61 38 67 67 63 19 60 65 23 65 48 3 75 75 45 15 23 34 68 29 73 6 30 9 58 64 20 65 3 50 61 43 32 55 8 61 23 36 54 9 2 76 2 21 51 10 52 51 67 21 12 34 2 59 35 61 7 41 46 23 39 43 14 33 6 55 78 57 37 2 14 47 31 67 70 9 58 68 11 30 42 72 50 64 12 64 57 40 65 63 6 17 52 14 20
27 59 19 53 34 38 73 42 51 55 22 41 2 55 26 14 52 64 69 12 3 43 32 70 44 55 49 25 38 18 5 11 22 66 15 8 33 57 3 55 31 9 67 50 18 39 36 34 33 63 73 36 30 59 45 75 19 33 35 45 4 76 46 26 29 50 42 1 9 59 63 33 14 71 78 62 70 25 11 7 28 11 4 39 78 7 19 31 25 39 53 34 72 44 9 53 37 78 24 47 61 2 17 9 33 10 71 70 56 74 34 33 35 1 35 38 37 38 22 59 19 20 34 15 2 36 68 65 25 25 39 77 24 48 52 64 23 27 30 8 76 78 36 20 43 70 67 16 71 13
55 45 6 71 60 33 17 4 70 33 76 48 55 17 15 39 21 24 46 28 70 58 69 32 8 34 74 66 50 37 62 65 15 51 22 43 44 73 58 58 73 75 50 16 2 29 64 71 26 2 57 40 23 7 17 57 27 78 29 4 62 41 73 12 73 60 6 39 52 17 12 3 32 64 66 28 30 39 77 78 61 22 22 41 15 16 43 58 40 60 37 40 24 77 7 37 48 16 44 38 23 45 29 67 30 24 69 54 39 64 36 49 57 78 72 66 76 42 63 4 10 38 10 39 56 63 70 23 61 9 46 5 63 14 29 49 38 62 66 37 63 72 63 8 51 61 61 63 50 55
22 72 12 3 69 64 78 78 24 51 48 16 67 15 67 34 60 36 44 64 8 63 16 10 55 4 39 51 67 36 60 57 17 18 61 4 64 10 29 73 11 76 39 74 28 11 20 73 15 12 44 2 11 21 44 65 21 75 67 60 1 44 13 23 56 42 11 59 20 22 9 56 33 13 33 12 4 66 76 13 18 19 12 2 29 21 50 54 26 28 74 63 67 32 38 24 34 1 55 27 61 20 53 68 53 31 48 20 26 37 13 32 17 44 66 22 19 23 55 76 29 75 28 4 63 40 30 17 21 41 72 33 36 54 45 37 78 27 69 59 67 19 7 22 48 14 21 55 29 68
6 68 22 50 76 55 30 42 65 77 50 67 44 5 70 29 24 16 12 65 35 10 29 50 46 1 67 62 8 20 75 16 71 71 54 23 21 11 13 14 28 6 17 25 45 78 13 53 17 6 69 1 78 63 16 44 78 22 9 40 9 13 44 12 36 44 12 25 59 65 2 24 16 50 18 32 57 10 37 3 39 78 25 14 16 2 47 72 16 37 3 19 48 78 4 15 49 38 70 7 47 12 49 64 21 12 53 75 42 73 5 45 67 69 7 13 57 50 69 40 20 57 75 23 9 32 62 28 61 24 9 17 60 51 65 27 71 13 13 8 53 73 66 50 59 29 62 7 3 59
1 73 8 15 71 28 24 51 71 56 41 61 50 26 54 27 60 28 42 24 2 2 17 16 54 1 41 70 56 32 48 4 31 33 28 5 75 73 77 16 27 28 3 13 35 72 72 68 36 41 62 69 25 17 1 38 60 45 32 49 17 57 78 4 6 18 58 40 37 72 60 75 11 42 21 55 33 12 1 37 62 46 42 53 6 47 41 52 68 63 64 36 40 52 30 36 25 30 78 60 47 63 59 1 55 74 69 59 27 54 29 50 42 52 75 42 36 25 71 48 24 25 56 19 27 31 58 38 36 13 8 77 75 52 58 8 1 52 9 64 16 39 38 35 11 26 31 20 42 40
15 69 23 32 69 5 63 4 17 19 18 33 51 29 74 39 50 22 47 20 16 11 24 67 45 69 72 55 78 6 2 27 44 58 59 62 27 59 39 59 34 38 36 69 4 3 30 14 12 11 19 74 59 48 78 57 71 48 64 68 51 52 33 36 78 44 68 7 40 43 75 54 25 13 56 46 3 26 30 2 73 58 67 54 74 48 45 4 74 68 37 4 50 6 17 51 37 42 58 57 25 47 54 4 46 78 21 24 17 38 55 30 74 52 54 61 25 43 14 20 32 4 23 16 22 3 18 43 27 46 47 74 1 15 4 78 54 25 51 74 62 31 50 16 13 60 11 2 11 16
3 65 35 45 4 61 75 72 49 43 34 37 48 48 65 5 25 70 77 71 26 14 78 3 74 2 15 10 8 75 6 50 12 15 37 56 30 58 17 71 62 41 14 30 2 62 15 63 67 77 26 56 34 44 39 35 22 9 32 46 3 46 52 29 17 72 42 48 42 52 31 31 18 12 4 62 3 11 73 22 17 5 5 46 42 24 47 61 13 51 13 28 58 76 44 12 75 11 12 54 28 38 58 16 32 22 39 18 46 67 6 8 73 28 67 72 75 76 69 4 26 63 10 23 78 38 51 19 38 73 55 27 19 35 39 43 32 70 63 38 77 35 63 52 42 71 72 16 64 19
62 37 18 57 15 30 8 32 15 42 67 8 60 23 1 13 76 64 11 27 51 39 70 16 44 75 41 47 67 58 34 49 70 5 66 69 19 28 24 11 20 55 62 29 6 26 24 25 15 76 66 9 70 76 56 21 40 51 64 61 51 70 71 2 13 8 54 74 70 36 33 53 30 4 66 13 62 37 24 33 16 55 65 25 15 31 71 29 62 7 1 66 1 32 37 59 48 37 52 26 26 66 26 5 66 42 39 34 18 46 54 63 34 76 8 60 55 17 33 34 46 2 29 23 16 62 7 40 20 20 29 72 36 75 64 28 1 52 10 75 50 20 65 58 72 13 4 68 32 71
21 78 5 41 37 28 73 35 14 75 47 30 78 74 66 49 71 12 63 20 9 51 63 74 50 21 74 45 8 23 26 39 1 76 28 73 55 8 29 45 37 77 32 48 66 10 55 44 5 41 78 27 60 43 40 23 5 4 43 52 55 38 35 33 74 40 4 38 3 19 30 17 61 70 34 61 24 64 60 69 74 4 51 65 61 26 48 16 59 10 76 9 56 2 44 47 20 14 65 2 43 18 5 78 47 71 73 18 25 11 20 43 65 6 41 18 47 68 41 18 59 47 4 43 7 34 72 7 77 40 23 61 22 55 8 25 78 55 65 64 63 58 55 25 10 69 31 55 33 22
25 47 54 49 18 76 17 22 22 47 33 52 70 14 19 46 4 17 23 38 73 49 74 76 18 12 10 46 33 32 8 55 53 32 56 44 73 75 31 17 60 30 4 23 43 72 5 35 35 58 25 14 63 61 15 34 32 5 15 9 59 52 39 61 47 58 12 39 73 71 19 44 76 41 72 49 78 35 37 59 39 54 78 39 21 23 43 76 42 41 51 61 49 37 57 18 62 58 67 62 6 35 38 73 62 22 58 30 41 34 11 43 41 13 49 54 5 74 57 78 15 60 13 11 36 62 76 33 41 36 26 34 20 34 17 59 61 9 20 28 8 33 29 45 78 3 34 59 34 77
75 43 33 8 31 12 25 58 34 4 17 54 46 49 18 43 17 65 16 21 22 61 25 43 63 4 65 6 42 24 62 57 40 62 61 46 20 12 17 62 37 26 53 36 75 68 16 33 6 70 65 17 40 35 15 61 72 49 17 21 64 66 23 9 71 23 46 12 15 65 47 35 51 13 22 74 8 76 37 66 6 11 78 13 49 59 47 30 12 32 19 60 63 10 46 60 19 18 26 34 28 16 30 76 68 30 1 49 22 60 75 26 14 4 30 63 13 76 1 23 30 45 63 33 76 43 39 28 65 56 31 51 68 67 20 21 7 45 46 35 24 69 36 28 3 77 3 72 38 8
50 68 37 23 15 71 56 2 40 30 28 44 44 20 11 34 41 48 28 77 76 47 21 38 55 70 17 16 19 52 32 55 45 57 19 60 3 42 20 41 75 48 39 33 71 11 72 15 33 10 2 15 62 61 18 14 77 62 50 42 18 8 40 8 4 25 39 14 18 12 31 49 41 75 51 12 2 33 32 33 51 25 25 70 3 4 26 65 6 49 21 64 75 78 10 25 32 78 76 27 73 15 33 5 38 72 50 18 33 45 3 27 10 70 61 10 74 78 64 53 45 28 73 21 37 8 39 14 40 47 47 52 46 76 75 10 67 16 22 6 18 54 74 22 33 78 60 74 32 45
22 17 58 35 78 22 68 30 73 8 35 49 55 26 55 35 17 56 64 76 23 26 6 70 24 36 70 61 56 25 30 39 45 12 8 50 69 15 30 55 54 46 2 44 60 30 73 75 20 58 33 6 75 19 11 30 24 60 16 55 53 30 62 9 32 24 38 42 9 50 41 9 25 30 35 72 64 63 11 73 1 3 27 18 14 77 59 70 65 62 76 4 12 8 65 7 67 21 64 44 61 42 18 31 71 75 71 3 61 7 17 30 26 18 33 29 54 69 66 18 66 58 13 26 18 37 74 11 9 61 30 23 15 49 4 39 33 11 46 47 3 62 71 62 18 67 37 52 50 46
78 75 17 27 51 1 1 3 33 40 45 57 39 40 69 15 28 41 72 66 53 43 40 19 45 33 61 56 39 5 22 61 14 62 65 17 8 65 65 64 13 8 49 1 36 76 3 48 77 1 14 38 65 37 37 11 6 17 26 59 27 2 16 53 29 6 2 63 41 55 11 35 12 28 28 61 69 2 77 55 60 37 23 38 69 20 35 60 54 58 70 34 5 51 41 31 51 23 46 46 72 15 78 58 78 59 71 77 38 36 70 40 2 35 62 26 52 47 1 5 9 47 73 27 45 38 1 3 33 51 50 17 1 51 41 62 1 61 77 33 37 46 62 64 26 1 46 14 65 28
60 10 69 10 40 28 73 59 61 56 3 26 53 49 32 76 62 48 38 37 12 55 37 77 70 65 31 35 31 67 43 8 60 78 41 75 50 52 13 58 28 58 3 18 42 25 72 18 22 49 39 61 39 1 11 21 22 2 51 71 15 46 11 42 16 20 45 24 5 40 67 78 16 27 39 12 49 1 8 7 55 44 14 24 69 71 42 15 11 78 63 3 21 66 54 69 69 65 16 32 40 51 68 25 76 22 74 17 13 16 47 23 46 35 50 6 62 35 54 32 8 77 13 69 18 6 30 71 44 8 5 44 4 26 53 45 2 37 70 73 30 53 31 28 49 63 60 72 12 58
33 74 12 41 32 74 23 75 39 67 25 61 31 7 24 18 71 78 10 61 66 72 44 56 57 60 60 22 49 29 24 33 46 78 12 37 67 40 54 22 36 28 69 58 62 65 32 47 70 14 52 54 13 57 52 36 13 66 16 54 29 53 45 56 42 5 9 38 6 69 67 7 77 37 47 58 49 52 53 40 19 7 77 3 40 59 8 71 66 13 63 42 38 62 19 22 22 66 41 75 74 65 63 3 48 19 55 24 74 57 62 9 63 52 15 59 3 24 44 48 1 51 9 14 46 9 42 14 54 76 61 47 66 23 7 20 16 47 20 50 50 38 31 8 20 62 33 12 65 30
20 37 8 15 44 1 61 37 51 67 57 25 73 76 29 9 62 22 70 50 14 10 42 46 17 20 20 39 54 52 58 65 58 69 10 53 17 37 3 46 21 70 51 53 78 4 70 73 5 26 65 62 34 72 2 36 3 52 7 21 76 61 10 62 16 56 4 50 30 18 55 6 9 1 76 47 51 51 71 34 61 44 66 63 75 34 74 1 33 38 30 68 40 21 78 67 6 48 78 10 35 43 37 39 45 43 61 55 77 71 10 11 77 28 26 48 37 54 7 11 33 39 22 40 5 13 2 73 71 24 70 37 5 55 23 51 63 49 13 39 72 41 19 40 3 28 16 68 68 20
68 77 19 3 11 3 3 73 75 62 32 15 55 67 60 44 7 2 22 17 21 16 40 40 54 76 72 28 73 46 5 13 28 17 30 43 41 30 41 77 77 2 6 33 39 12 22 10 28 56 54 54 2 18 29 32 17 31 45 24 4 17 29 21 58 52 9 68 45 27 61 30 16 63 70 30 46 39 33 68 18 18 10 3 39 2 47 69 76 61 20 11 7 43 63 9 16 13 51 1 1 73 30 55 74 35 52 26 25 77 40 63 67 76 72 49 37 43 48 40 71 78 26 24 52 31 28 71 55 7 16 25 42 5 13 76 35 37 10 19 41 26 34 51 67 78 33 20 67 7
71 20 58 57 36 56 47 34 9 56 46 22 9 30 15 48 24 6 17 70 11 37 57 32 59 48 66 5 7 22 50 62 4 61 52 59 40 16 56 34 62 72 70 24 66 50 33 27 2 45 32 46 23 49 42 53 54 6 48 25 8 53 47 29 45 28 43 49 25 46 64 8 39 62 8 34 73 67 77 27 43 19 45 74 2 68 34 47 45 6 68 7 70 73 45 65 24 67 50 8 43 19 64 44 25 44 62 26 37 22 15 39 35 59 56 28 54 63 61 31 26 63 48 8 44 27 51 27 71 78 58 55 31 33 32 71 5 71 41 26 28 3 35 35 17 5 52 50 68 54
20 55 57 1 65 39 40 61 15 57 15 52 19 68 77 10 11 46 16 41 8 71 22 73 6 50 42 33 3 59 48 1 30 3 4 66 31 63 13 55 57 10 57 57 26 42 31 58 15 63 48 71 24 37 54 61 7 18 36 51 48 41 54 73 14 64 41 70 13 52 22 8 44 68 78 57 49 13 72 68 18 27 62 37 46 1 69 56 75 2 41 32 19 30 3 46 43 39 28 74 35 75 56 36 12 57 25 18 40 58 13 73 42 38 51 12 51 63 41 70 57 26 39 22 11 15 32 20 11 53 12 15 51 4 61 67 39 75 77 21 57 75 77 73 26 58 75 68 23 27
74 3 2 42 16 34 16 7 17 41 33 11 64 3 18 49 34 56 71 61 39 7 26 14 41 1 49 1 28 45 62 10 48 72 70 36 34 54 12 54 47 78 49 15 49 55 47 71 77 34 36 7 25 35 2 39 10 33 1 67 1 67 37 68 22 63 75 17 16 27 22 1 68 75 21 66 13 4 36 23 36 75 38 21 35 8 64 49 55 19 47 17 69 67 16 66 28 78 64 44 53 74 56 52 34 72 77 49 15 25 76 14 30 34 40 46 2 66 13 70 28 57 9 4 43 15 7 32 26 53 48 14 11 72 53 22 22 54 47 41 1 74 26 37 34 23 64 36 67 30
28 72 50 14 59 56 16 61 78 44 75 35 21 52 8 58 37 21 36 65 64 72 49 60 1 13 75 62 28 76 14 22 33 7 15 59 28 10 39 76 64 66 67 69 73 24 74 63 15 44 38 68 40 20 23 35 17 37 51 48 2 47 46 1 45 55 12 31 38 71 3 38 59 2 24 7 30 75 76 59 34 22 56 40 45 60 72 7 8 36 28 76 57 25 24 55 13 24 52 48 54 48 34 1 60 73 2 21 47 1 35 23 34 15 11 59 75 26 60 58 14 1 55 70 72 78 77 38 56 15 31 51 22 73 56 35 64 70 78 40 14 74 50 76 48 14 42 59 45 7
56 57 44 45 3 68 13 14 26 46 14 23 49 23 72 3 63 6 49 48 43 53 9 23 5 33 22 66 10 6 68 42 53 57 50 63 9 53 78 64 10 53 3 8 64 42 19 31 58 43 45 60 15 1 20 40 68 42 3 45 69 32 1 57 41 5 7 13 5 37 60 27 4 56 34 18 69 46 64 60 36 75 59 9 60 9 66 50 69 72 42 32 2 4 68 21 38 68 78 33 53 54 15 44 26 19 39 28 32 31 71 17 7 25 34 52 68 67 25 29 2 61 73 69 50 6 52 74 58 38 31 30 12 70 52 26 28 55 51 45 54 18 33 26 16 26 19 6 6 37
29 52 21 68 49 71 55 55 29 30 73 26 40 6 40 68 72 55 60 57 12 66 15 11 4 31 9 15 42 56 7 9 32 68 33 4 37 65 36 71 43 17 68 29 22 61 59 75 47 2 49 74 15 74 37 71 75 64 14 72 56 12 41 51 54 60 45 59 50 29 31 8 18 68 30 23 34 61 55 54 63 12 12 46 39 2 17 65 20 53 21 11 47 46 51 44 67 49 76 34 53 73 22 17 42 71 20 39 17 23 32 54 38 68 74 20 53 27 57 63 58 48 18 40 73 5 38 61 56 34 47 78 13 72 6 66 49 51 58 16 41 69 9 12 42 27 3 50 48 30
11 46 20 19 13 68 7 25 35 13 42 21 61 49 40 47 32 22 31 22 57 31 26 29 1 26 74 5 30 52 37 41 61 1 25 15 2 41 64 3 11 33 76 49 35 74 36 5 58 11 2 53 28 57 31 13 69 10 65 36 20 24 50 34 36 9 12 18 39 29 9 60 18 8 72 16 46 7 39 38 40 24 72 22 37 3 11 66 77 70 27 41 14 2 57 78 55 71 38 37 9 35 41 69 13 9 70 31 45 5 4 70 55 38 38 30 13 35 41 46 19 46 77 30 56 24 14 4 33 45 65 21 78 66 20 27 71 15 41 78 20 33 25 16 2 49 8 6 15 29
26 41 38 44 16 29 3 73 21 21 1 47 13 23 17 20 14 10 40 48 67 33 29 53 37 15 28 56 10 51 49 52 28 5 64 76 18 24 58 8 70 33 13 75 62 24 68 22 61 73 41 66 30 31 1 27 8 74 13 71 73 43 29 57 14 42 52 33 55 29 21 16 59 56 62 31 44 76 58 40 65 7 56 37 6 2 11 72 40 61 66 14 72 9 1 12 33 36 21 68 40 29 1 68 66 29 73 7 64 43 27 53 52 63 71 32 56 2 48 77 12 77 71 12 29 6 47 36 20 8 47 66 24 2 19 40 70 63 41 59 56 63 14 52 47 71 14 67 1 78
7 24 56 38 63 61 4 19 8 78 18 40 45 76 6 61 78 53 38 71 2 38 27 21 24 19 13 30 47 38 10 68 41 68 51 10 41 14 59 21 53 6 50 64 72 45 7 31 68 59 8 58 47 65 4 53 65 11 64 41 39 22 61 67 49 77 30 43 29 75 35 24 78 71 59 73 77 8 67 76 57 25 15 10 66 28 57 2 52 4 66 19 42 43 6 10 65 8 43 1 74 53 43 52 10 43 70 45 74 31 69 68 42 48 77 57 76 56 57 63 34 72 71 10 15 43 51 32 16 18 14 34 62 60 70 2 16 16 37 51 75 13 50 61 74 71 13 40 19 56
20 66 53 11 35 48 61 27 58 1 52 54 49 26 65 25 56 49 22 58 31 3 74 4 64 9 58 78 53 60 78 46 30 23 46 55 68 29 5 34 69 18 1 8 73 50 25 68 44 78 22 61 22 49 24 40 58 51 31 72 13 63 62 46 16 11 62 40 10 57 69 16 41 31 26 40 39 70 1 60 26 24 63 57 23 52 78 29 55 9 28 69 57 20 71 19 72 14 6 3 64 36 32 32 27 66 34 42 18 54 61 2 39 68 58 10 23 76 58 12 46 46 53 64 28 20 76 76 46 51 40 61 69 45 34 34 36 39 42 56 4 1 44 46 72 20 57 18 13 42
37 39 42 75 67 19 63 59 55 19 55 75 75 68 11 40 7 26 59 50 13 27 8 5 31 76 76 24 33 13 12 60 18 60 36 56 52 42 5 77 12 74 19 39 36 31 45 26 28 4 47 15 45 44 6 43 12 67 72 52 62 60 56 70 77 2 26 30 75 18 12 77 57 74 54 67 19 63 18 19 14 36 9 28 20 20 21 73 41 28 22 6 36 32 5 75 54 56 6 72 63 76 49 69 39 57 5 28 60 39 24 78 32 18 65 19 17 4 14 42 18 43 14 30 38 74 71 27 38 14 18 4 52 31 13 36 57 53 65 63 10 50 23 42 14 52 12 54 33 22
76 15 22 16 32 58 17 63 37 58 52 74 27 45 62 13 75 67 10 31 20 54 16 31 68 7 7 63 54 5 2 51 4 65 33 65 33 64 51 74 38 47 54 69 55 58 46 67 77 4 70 52 29 77 22 64 58 57 8 26 57 24 39 7 61 46 26 29 12 18 71 37 65 31 1 32 19 37 48 57 73 10 46 31 24 70 31 33 51 15 59 71 54 20 19 54 61 13 67 49 66 38 8 31 21 28 6 6 56 4 75 8 4 8 24 27 22 46 2 29 8 29 18 7 16 42 28 57 77 33 35 33 37 15 26 78 25 52 7 20 18 33 67 66 59 8 21 73 38 17
3 41 29 62 32 20 52 48 37 46 58 2 50 60 50 71 28 28 29 69 35 6 70 42 22 40 78 74 24 27 74 66 77 33 52 58 27 34 35 71 48 5 63 69 40 66 53 46 35 7 66 7 28 22 74 4 12 16 38 57 21 58 62 60 65 20 32 58 75 7 54 59 74 25 43 11 58 22 13 16 78 68 67 9 47 30 3 24 77 46 56 48 77 53 32 4 54 74 30 29 27 47 69 42 76 26 70 60 23 22 72 12 55 37 74 22 56 54 26 22 51 6 35 5 9 57 4 35 31 55 62 61 55 57 77 42 16 5 3 66 36 13 32 55 26 67 60 25 22 2
48 70 49 32 43 56 22 53 67 14 70 62 29 5 11 14 40 68 35 56 51 23 64 32 2 62 74 12 1 77 75 63 8 34 18 75 52 62 5 41 13 73 78 47 70 68 35 77 24 54 78 72 63 44 46 44 55 5 65 6 14 8 19 77 24 20 66 63 60 77 72 53 49 72 42 65 53 67 8 22 45 27 47 47 54 75 29 13 4 10 62 48 33 69 29 21 1 43 67 74 27 50 70 58 49 7 8 70 56 58 21 3 25 23 59 44 77 34 72 41 61 17 68 29 42 31 1 43 2 23 15 72 78 31 14 47 8 26 75 77 1 5 10 43 29 10 50 34 42 11
4 20 62 24 61 71 55 68 49 26 13 31 18 14 7 32 53 75 49 26 52 1 53 59 13 47 35 12 4 48 48 66 76 6 62 72 52 7 38 1 62 8 38 23 13 1 33 1 47 69 51 70 24 46 30 51 50 60 46 26 46 14 45 7 22 31 15 5 34 46 38 59 53 17 33 35 27 23 11 8 37 13 49 63 49 65 8 66 40 62 33 26 14 7 36 50 64 21 36 7 77 47 52 7 63 74 13 35 65 8 61 73 16 46 3 73 1 50 52 26 59 47 25 1 36 15 57 62 33 67 38 22 39 46 75 39 63 1 78 20 1 3 31 20 58 7 44 12 23 6
7 66 8 32 18 70 75 6 27 2 67 75 12 58 73 74 74 62 69 33 71 1 5 64 49 6 53 41 9 35 45 1 34 20 50 14 65 34 42 38 76 22 54 73 45 11 42 25 4 60 5 16 42 60 73 45 25 59 28 53 1 33 19 36 7 48 78 5 50 72 38 22 71 69 77 25 45 47 50 41 70 29 74 28 5 4 8 52 26 74 40 44 12 17 78 17 77 32 46 54 75 59 17 36 56 44 37 10 47 51 59 69 22 24 56 66 13 33 69 74 56 28 50 30 55 17 30 8 7 72 63 54 43 12 70 13 13 7 40 16 1 21 3 8 33 3 52 76 69 41
8 51 19 63 48 31 21 74 10 8 23 8 29 40 24 42 20 17 55 34 62 74 48 32 35 20 33 42 54 57 56 52 57 34 62 9 55 44 28 48 12 39 45 5 9 38 59 28 60 56 13 64 64 52 35 29 50 19 64 5 62 22 10 27 44 16 73 35 61 35 13 48 12 26 34 34 58 50 62 63 34 42 37 10 24 30 36 66 41 76 76 20 42 38 34 30 51 29 54 56 50 35 48 13 20 54 32 53 33 78 62 52 18 63 14 21 27 53 47 74 25 63 1 73 37 14 11 48 61 66 71 70 51 40 16 29 55 2 78 19 18 30 16 10 26 34 66 37 10 45
35 66 47 2 12 14 4 1 25 71 48 42 21 24 23 10 14 22 65 50 57 15 69 59 49 77 11 46 45 60 2 61 9 28 45 50 22 30 73 36 46 55 49 34 35 65 6 44 2 21 63 42 21 54 63 19 46 26 26 14 65 9 51 7 45 26 44 3 67 32 55 19 70 21 28 19 26 59 54 8 73 48 2 78 30 25 70 57 30 7 51 32 52 55 15 64 35 50 61 33 37 16 53 33 2 23 25 5 17 67 8 49 7 44 10 58 19 55 66 2 67 68 64 7 17 78 68 27 33 16 62 57 15 46 34 70 13 52 36 26 28 31 64 52 44 64 42 12 64 77
5 4 61 21 16 19 16 60 24 38 11 70 9 2 58 46 61 15 75 57 25 61 45 72 9 64 33 53 22 76 77 48 6 60 11 25 33 71 51 39 9 2 70 36 66 66 39 21 18 57 60 32 45 68 60 15 20 12 36 36 8 49 28 20 18 46 51 54 38 55 4 51 55 29 63 8 15 6 25 65 1 73 46 46 14 34 76 45 72 68 17 60 28 31 66 9 52 40 31 20 8 49 71 34 58 9 20 67 45 45 36 7 54 67 61 57 13 66 56 11 32 66 35 66 44 8 26 37 48 47 16 19 6 30 35 1 58 51 68 61 4 9 29 54 53 54 14 53 48 16
24 18 58 12 26 62 47 41 31 33 22 76 27 44 27 48 25 30 43 42 70 48 54 32 37 71 41 55 6 5 73 8 57 45 71 5 2 51 12 36 1 55 37 19 74 1 61 44 26 9 3 39 2 56 76 40 46 38 42 56 8 31 67 77 71 3 15 14 5 2 22 4 30 71 70 33 9 64 4 43 60 5 40 12 78 72 71 52 73 62 43 8 57 74 39 21 1 16 41 69 76 65 49 6 12 33 76 65 42 71 1 2 11 67 24 58 3 55 7 56 62 78 6 24 52 55 37 8 66 54 50 75 75 4 1 55 75 27 20 53 1 7 4 5 44 51 15 4 58 72
75 14 37 64 68 13 48 77 65 53 2 73 9 17 48 52 58 51 8 1 33 16 53 4 14 52 60 22 44 17 49 9 75 30 5 52 19 50 76 4 61 55 61 73 48 9 27 25 61 14 78 24 59 54 26 34 55 55 3 37 25 23 69 21 35 66 57 59 8 32 34 56 41 59 73 28 35 42 10 40 31 71 10 71 78 30 38 60 36 69 50 60 16 1 64 48 18 78 38 9 67 22 37 45 63 19 19 36 68 9 31 43 31 22 4 56 42 63 7 13 46 8 17 73 72 51 14 4 1 20 34 47 39 54 31 54 38 50 60 15 74 77 45 10 25 34 44 1 60 19
76 24 49 2 3 8 47 49 12 4 43 71 6 27 30 59 60 15 40 28 25 75 9 37 29 8 51 35 40 73 62 75 15 42 72 43 66 75 33 5 14 77 70 10 46 17 12 29 30 53 44 31 65 51 46 40 14 56 61 49 67 28 66 47 41 12 49 78 7 7 25 44 61 20 9 9 39 57 46 65 68 20 9 67 26 21 44 52 32 23 37 21 2 18 27 60 63 48 14 53 5 26 41 77 47 44 51 8 70 57 72 73 29 44 26 24 65 28 49 33 46 50 63 26 31 17 56 64 71 36 23 29 16 35 9 67 29 78 65 48 52 47 6 53 16 12 64 6 67 75
9 58 78 10 54 1 62 74 8 47 51 65 2 36 15 16 20 59 15 76 57 75 44 51 69 69 51 54 62 47 59 66 26 28 3 25 33 7 57 5 75 50 19 78 75 71 58 59 45 19 22 36 33 11 54 33 70 69 50 24 51 48 71 40 41 78 47 16 65 23 64 27 65 16 14 38 71 10 29 68 45 6 56 51 68 8 68 49 9 20 76 56 55 16 13 32 64 71 37 11 2 4 77 20 31 75 52 26 30 33 8 20 51 38 38 16 4 70 68 58 54 12 54 26 5 5 17 13 65 1 72 4 61 28 9 47 45 33 28 62 44 50 63 3 39 16 51 32 6 21
44 9 19 62 76 56 35 24 59 7 62 8 19 47 60 58 57 48 50 60 49 52 2 64 5 16 3 54 47 3 13 56 39 67 46 66 30 43 57 11 28 19 78 44 1 71 40 72 31 13 46 68 24 34 68 35 22 32 9 66 28 68 57 41 7 77 4 49 23 38 62 10 18 18 30 15 48 17 6 37 22 51 61 35 50 9 20 27 25 8 53 55 36 5 28 39 22 3 77 8 15 66 35 2 45 70 40 36 18 15 23 59 16 45 44 58 36 22 56 11 26 5 7 58 51 7 7 10 18 40 7 33 60 75 68 17 74 48 52 67 4 35 10 1 24 42 11 20 69 38
11 36 31 68 44 76 50 36 50 20 39 59 53 72 40 14 21 22 76 15 6 45 57 35 37 26 54 56 9 7 45 60 66 50 55 3 63 47 61 2 31 74 64 47 67 7 62 57 55 68 67 8 19 25 15 55 75 47 41 56 11 76 14 12 16 34 15 53 29 32 48 27 10 2 55 26 62 12 13 55 70 43 62 61 3 60 66 56 1 18 4 26 40 69 26 75 29 43 52 56 13 20 39 29 21 51 60 6 15 33 35 71 2 22 35 64 8 8 56 70 72 44 73 50 23 69 41 26 75 76 73 8 2 46 25 34 47 33 9 36 72 44 73 2 55 65 44 42 8 46
28 32 78 53 1 5 23 46 37 23 71 48 34 33 12 78 19 3 51 30 66 32 54 36 48 60 71 37 44 48 35 25 54 10 75 18 58 73 19 73 55 49 46 38 23 72 74 27 13 20 75 32 6 59 24 34 25 60 6 5 45 59 78 75 32 75 28 49 75 51 39 55 20 64 4 73 11 20 77 68 5 72 23 47 44 24 53 15 76 48 56 24 59 64 25 6 56 64 30 41 31 69 45 19 31 47 78 64 16 28 6 54 45 76 5 74 62 7 12 75 13 73 21 16 9 19 71 49 4 54 11 70 32 74 8 21 60 2 13 24 56 19 44 31 44 32 10 36 10 45
48 67 47 42 69 47 17 39 54 6 31 68 20 73 76 37 24 14 65 37 69 65 25 29 23 69 52 49 12 33 15 30 32 20 59 67 38 5 77 23 28 16 73 37 3 5 56 28 62 71 43 12 45 56 14 75 26 12 4 28 56 53 1 24 39 75 75 26 55 48 16 33 32 50 4 11 55 46 58 63 26 57 36 45 15 39 35 48 15 51 56 52 27 43 38 18 63 46 66 47 25 76 30 38 46 36 48 21 23 76 66 47 47 54 21 62 44 1 64 68 41 74 62 14 37 50 54 20 12 25 17 53 4 11 41 28 58 13 26 66 28 43 17 12 26 12 68 45 24 53
13 32 15 8 38 41 38 1 49 73 58 65 49 39 77 61 5 47 22 52 30 76 44 42 67 66 69 75 4 52 59 67 27 22 14 53 12 76 67 54 45 21 56 49 59 27 7 50 19 43 61 23 4 45 54 21 15 61 39 4 31 24 33 78 29 59 41 16 78 16 64 71 44 51 7 25 38 49 29 32 37 76 17 54 47 28 39 3 68 39 55 41 9 30 43 38 14 37 17 30 72 70 19 78 22 73 2 9 23 61 30 65 69 56 16 33 21 59 7 47 46 8 74 35 6 16 18 30 3 33 2 59 7 22 39 60 10 39 4 45 63 44 14 4 28 67 30 63 31 55
2 46 64 58 8 60 29 47 37 27 77 63 5 77 73 24 77 56 44 38 35 9 70 39 64 7 46 50 32 44 32 69 46 34 70 45 59 31 46 43 9 47 42 52 61 33 71 16 37 4 72 58 70 78 3 21 12 42 66 33 12 75 42 44 62 51 65 38 13 1 13 16 27 31 55 41 66 18 2 51 69 73 12 8 67 62 18 51 74 76 8 13 51 77 30 59 54 70 25 75 44 46 61 33 19 71 37 18 58 55 33 65 36 73 1 71 58 76 68 50 77 8 30 22 16 10 13 51 40 44 14 57 13 71 42 52 2 71 72 66 76 1 7 52 68 56 11 4 73 65
72 17 78 59 69 16 8 49 77 11 40 16 48 64 22 64 30 35 37 30 70 77 46 44 50 47 21 5 13 31 39 22 1 66 73 73 49 64 17 47 19 68 23 50 8 54 10 13 66 66 60 23 78 19 27 51 44 64 27 38 56 52 28 10 58 76 8 17 49 48 26 29 47 22 23 4 18 47 78 46 62 16 17 52 4 29 75 45 39 12 58 1 78 27 16 22 57 36 21 51 32 26 54 51 76 24 30 48 5 26 3 62 77 12 75 8 7 22 60 38 47 20 42 62 43 36 21 19 70 41 1 72 5 34 58 38 37 6 11 33 54 75 38 20 13 28 72 38 50 50
59 73 47 73 25 21 24 17 9 52 27 58 57 70 13 2 8 43 31 8 62 55 63 57 44 54 36 54 18 77 51 74 15 37 24 46 19 13 48 11 33 6 68 48 20 77 68 13 28 1 78 18 5 51 36 43 22 3 42 56 62 30 76 6 78 5 41 4 61 13 45 6 13 40 70 69 25 1 40 70 3 28 64 21 45 35 32 62 50 54 64 54 70 34 61 20 40 32 63 7 46 51 23 13 31 15 43 53 34 41 72 11 5 58 65 34 66 32 16 34 24 27 3 51 29 57 61 13 21 40 42 55 72 51 29 16 23 22 47 32 68 68 8 57 2 9 12 3 50 2
60 70 41 3 61 2 1 70 72 44 52 70 75 59 34 27 14 60 1 53 10 3 44 19 60 44 18 34 50 42 25 20 47 70 16 25 30 66 9 19 37 29 73 21 72 63 63 38 40 3 47 10 35 21 53 72 55 58 37 60 17 63 50 45 4 1 10 45 54 66 23 23 12 47 77 53 71 56 47 35 32 14 73 70 45 47 73 54 40 66 55 20 71 22 26 32 65 25 74 22 54 23 20 32 16 70 23 55 10 63 16 3 12 32 24 13 13 64 77 2 78 21 9 52 41 71 13 42 36 28 74 63 65 37 41 68 60 18 73 58 57 24 5 24 43 59 28 9 77 22
13 61 41 28 72 48 32 47 4 8 36 28 28 45 63 71 77 47 12 76 46 30 48 31 3 5 64 52 18 48 69 7 44 12 3 59 24 26 18 12 45 66 6 14 61 73 50 7 49 28 73 54 32 68 26 21 42 76 4 59 45 6 53 45 49 16 41 36 72 7 7 72 20 8 65 58 8 58 44 10 77 77 32 32 50 22 33 42 67 6 55 48 65 26 60 54 46 14 46 35 31 51 49 54 54 55 22 76 15 14 57 53 70 55 20 64 25 68 48 36 41 11 3 35 45 40 29 38 34 31 75 26 51 1 10 50 9 33 28 29 63 64 75 19 2 39 18 41 60 47
53 38 40 34 10 31 66 67 49 6 32 39 61 65 36 65 5 46 13 44 38 56 77 27 78 48 38 16 47 61 17 12 24 67 21 38 24 71 67 30 40 56 68 67 23 31 61 7 74 18 18 18 16 50 71 26 34 53 70 14 64 30 67 42 4 43 46 29 36 44 41 23 76 34 11 5 63 34 56 71 59 73 63 18 30 77 3 58 1 39 23 36 42 72 27 78 28 45 63 18 61 72 60 2 28 3 32 52 64 58 9 40 33 24 1 51 61 64 53 63 57 55 56 53 10 76 16 40 2 41 64 43 41 2 9 62 67 8 69 73 62 18 77 2 52 37 64 78 76 35
8 76 58 21 25 44 35 53 3 8 60 21 61 14 75 74 28 7 15 4 49 59 61 34 18 75 39 34 37 69 17 51 68 44 34 76 52 10 22 76 41 20 31 53 20 25 56 32 6 60 70 27 64 73 7 75 20 5 54 50 74 66 37 55 40 76 7 5 5 76 78 28 53 57 52 18 9 18 69 71 38 16 46 74 47 3 11 38 46 77 23 74 71 41 58 59 63 43 46 20 37 44 75 70 32 15 4 60 60 3 22 39 73 78 59 78 53 78 28 14 35 77 50 60 43 55 27 22 28 12 57 51 23 46 3 54 59 23 57 40 3 67 36 55 54 59 46 5 24 27
35 36 75 18 7 70 72 43 30 21 13 33 40 19 31 35 2 22 1 27 44 76 50 19 33 66 73 61 46 24 27 25 65 28 16 25 30 11 78 49 11 65 16 64 7 9 74 39 71 78 19 12 70 36 77 47 26 39 41 40 48 10 11 27 50 41 22 18 43 78 71 69 52 39 66 26 4 33 40 50 60 19 68 25 28 51 23 65 56 63 29 1 43 70 66 60 36 74 74 23 73 21 73 49 9 71 7 66 33 10 71 8 62 51 60 43 5 60 54 19 70 65 71 28 30 54 73 55 11 59 40 26 17 64 43 26 68 15 51 73 49 59 41 2 16 41 13 50 33 22
45 37 52 10 64 18 71 19 10 9 21 41 28 20 76 76 23 53 12 32 26 22 23 68 49 73 38 76 23 22 34 32 71 61 18 35 78 56 10 20 44 74 20 78 50 28 68 39 34 70 8 51 48 61 72 12 43 49 31 65 7 7 42 69 14 44 26 43 23 64 28 6 55 17 15 49 28 12 75 68 24 21 71 72 8 24 71 15 53 16 37 78 42 64 61 43 32 39 69 21 19 59 64 17 48 72 45 18 41 34 27 57 5 6 7 50 58 43 26 19 6 70 37 49 30 71 14 72 41 55 30 17 31 61 68 32 54 33 42 46 41 52 71 35 8 67 13 32 53 65
11 72 74 32 13 24 35 55 16 67 70 2 63 1 3 44 9 46 26 20 24 23 65 5 56 36 36 19 26 67 12 77 16 27 63 76 50 6 56 70 20 2 51 32 77 73 14 66 18 4 70 54 53 22 70 26 46 42 66 13 54 69 46 42 47 44 24 8 24 17 34 3 5 9 50 34 31 52 23 5 52 10 54 31 7 42 1 20 37 41 13 41 50 15 4 73 67 61 22 2 19 12 14 46 30 74 14 26 75 36 16 68 74 53 27 74 65 76 69 69 1 73 36 41 41 59 35 38 73 23 61 11 32 58 45 7 19 42 74 65 71 49 17 9 67 68 25 41 64 44
13 20 52 3 72 20 75 39 4 36 21 4 66 78 70 29 22 8 7 12 51 63 16 21 45 66 15 75 30 14 63 3 37 5 47 42 10 21 50 54 25 61 72 63 64 43 19 66 40 55 16 46 41 13 71 25 9 67 18 52 23 27 3 67 36 55 8 36 55 65 21 27 76 59 66 68 65 24 10 8 67 50 25 54 56 78 51 65 78 14 32 64 28 44 29 65 17 70 29 67 38 50 57 30 62 67 61 18 45 50 34 69 64 14 68 10 10 13 44 63 72 42 4 23 20 4 77 9 25 42 8 3 10 64 61 68 19 5 77 9 20 43 10 43 38 72 62 31 48 44
5 42 72 64 26 28 46 38 13 48 18 48 75 67 5 40 45 61 29 46 12 37 59 39 70 74 6 48 65 69 3 59 64 32 51 34 34 2 48 10 47 29 19 7 22 14 33 8 38 73 14 51 15 35 22 22 72 1 7 39 49 74 45 71 38 66 53 78 68 21 5 28 56 63 57 70 3 78 52 34 28 31 2 9 26 49 47 4 60 34 48 26 21 75 25 75 60 2 46 20 37 76 29 36 23 75 14 58 4 54 41 61 43 39 56 57 31 46 16 60 28 30 9 22 75 58 66 65 32 43 25 64 66 9 26 17 74 47 37 3 40 75 74 6 72 6 6 8 55 53
17 20 12 43 70 30 71 44 1 5 57 68 21 2 45 24 11 73 19 30 67 68 33 51 9 36 15 4 47 43 1 40 51 20 20 63 62 49 38 53 51 52 5 8 58 24 46 64 75 10 13 23 58 42 18 13 41 63 16 76 75 44 68 46 44 14 17 17 42 30 71 4 7 75 23 54 54 14 40 66 71 10 54 61 49 51 21 38 3 74 14 11 3 68 58 16 28 24 51 32 16 24 71 44 27 59 18 51 43 58 25 46 48 66 9 54 63 23 44 32 51 64 50 59 7 60 50 25 59 55 5 12 48 32 18 23 16 74 1 23 78 41 27 72 55 63 5 50 21 53
6 24 61 56 68 4 7 30 1 9 50 37 29 63 39 15 36 63 68 73 25 64 47 63 5 21 48 60 30 57 43 57 36 47 70 69 35 71 41 9 10 26 77 5 17 24 14 51 22 58 28 75 40 30 1 34 46 6 1 11 70 59 47 58 7 9 60 14 59 67 6 71 13 59 21 16 57 21 6 77 70 47 39 31 18 73 26 20 64 15 16 9 54 32 53 5 58 18 25 57 74 27 19 44 34 10 21 25 66 46 16 68 59 53 76 6 67 54 31 36 54 71 13 27 62 13 5 54 76 58 77 52 46 54 50 36 20 47 76 65 16 76 53 65 57 52 6 28 4 67
15 28 69 31 27 45 71 49 24 38 47 57 47 63 48 69 14 49 72 44 13 67 23 55 77 22 41 4 39 47 48 39 76 42 43 76 78 46 72 75 51 7 37 40 75 7 8 10 29 20 74 11 35 42 24 58 66 67 22 74 29 32 77 59 53 72 29 61 65 63 62 73 19 39 17 42 1 9 19 71 29 43 49 18 67 1 55 62 66 44 9 1 67 41 9 37 13 3 52 67 27 75 58 28 18 23 47 52 54 15 70 66 32 33 1 17 14 76 75 58 41 78 48 20 48 8 24 4 71 13 12 45 45 9 51 36 20 8 23 4 24 47 73 53 56 6 72 35 70 77
45 5 22 10 11 64 18 17 25 9 67 58 78 45 5 13 37 16 25 72 25 51 31 45 75 52 14 24 30 55 43 22 9 49 71 6 22 63 43 42 74 65 14 28 20 43 34 19 8 78 25 8 20 50 32 57 22 12 12 9 22 74 23 75 57 60 72 31 11 36 37 53 32 18 20 39 74 50 18 69 9 5 78 72 48 39 53 26 64 18 16 4 56 24 63 5 33 21 34 12 34 75 37 28 34 37 56 23 54 42 6 21 58 46 50 38 25 32 24 61 75 70 10 11 60 18 51 10 55 45 58 17 33 76 15 14 22 60 20 54 64 42 34 21 25 21 2 63 1 20
12 15 70 31 63 4 21 61 72 55 36 68 34 53 72 54 65 9 53 26 53 29 11 10 32 64 46 8 8 28 12 34 68 5 29 1 40 37 78 43 41 78 50 28 41 56 61 32 43 63 76 28 10 23 23 42 56 59 67 57 29 33 5 43 72 3 11 37 43 37 22 51 4 1 62 49 64 73 60 21 70 55 28 38 55 6 27 65 56 47 1 12 77 63 53 48 48 78 27 22 28 47 33 31 24 77 10 45 73 22 5 21 59 53 4 57 66 19 32 1 51 73 2 38 61 10 39 52 16 71 77 53 51 78 60 77 53 53 62 24 6 76 54 69 11 34 16 62 24 51
17 62 52 6 20 26 18 74 22 1 58 76 38 21 33 20 67 51 73 35 64 76 28 27 74 44 47 16 62 12 21 50 39 46 77 38 71 9 58 49 52 37 59 69 17 65 70 44 7 18 45 70 32 35 55 77 57 5 25 10 10 49 26 70 40 44 66 5 2 53 35 48 54 67 36 78 14 39 3 72 12 4 61 38 51 76 9 70 37 34 23 68 60 51 4 66 32 29 7 14 25 44 7 32 42 48 34 16 45 64 75 63 69 78 77 65 32 25 76 48 22 73 72 45 64 44 76 30 4 11 30 77 9 1 25 53 57 13 14 62 17 58 20 57 11 69 18 71 2 63
77 31 27 20 39 4 53 22 55 78 41 31 40 22 24 27 17 25 75 28 11 36 70 45 73 64 44 2 65 29 72 30 18 68 59 48 68 12 8 44 63 22 17 2 13 3 13 68 39 10 33 31 49 42 70 70 2 8 32 49 17 22 11 47 71 74 11 78 5 72 29 3 60 52 14 45 18 77 4 33 41 61 24 54 55 14 40 3 21 9 76 24 73 45 62 22 63 5 52 17 64 49 78 27 48 31 15 47 63 58 38 66 8 46 32 70 41 16 75 76 16 20 17 77 23 31 50 27 6 20 2 72 60 10 6 40 41 73 53 14 57 36 29 30 43 26 24 28 44 24
76 33 53 42 41 65 46 76 66 46 50 9 64 74 62 5 46 63 19 58 2 38 22 37 18 40 66 7 77 78 33 39 41 39 54 75 41 5 50 59 57 57 76 56 23 54 38 37 32 56 78 13 73 48 51 32 42 52 23 24 36 21 50 67 72 45 28 73 21 45 75 4 17 78 38 36 21 25 36 3 1 37 1 19 57 30 48 65 23 44 65 46 45 26 39 68 53 63 73 71 37 36 68 65 4 75 58 35 61 77 76 60 59 39 9 32 45 54 8 48 25 48 55 52 14 31 44 38 70 61 25 69 33 33 32 21 32 1 7 22 69 62 44 26 46 75 32 52 2 20
18 4 61 45 51 21 53 26 54 67 7 68 71 41 46 77 3 34 11 55 28 63 23 64 33 26 72 40 28 70 77 62 20 63 25 32 6 53 8 10 69 78 8 2 54 37 60 72 33 12 18 60 8 30 33 17 57 38 26 63 30 12 72 24 65 73 57 4 27 50 23 69 68 2 15 2 10 36 14 56 18 39 11 62 49 70 77 56 57 44 50 42 23 5 18 75 64 69 4 21 76 49 1 15 70 11 61 58 38 8 2 63 7 53 10 27 17 21 30 14 62 53 50 6 34 3 72 30 11 12 19 68 48 15 68 74 6 20 74 31 67 10 68 28 56 50 14 2 26 13
73 7 5 40 18 38 67 41 63 2 37 43 63 71 33 41 6 23 44 48 62 46 4 31 5 26 9 23 29 78 29 31 50 59 67 45 26 19 1 74 13 24 45 52 66 54 39 25 37 55 37 6 29 21 31 43 49 32 35 45 66 45 6 32 62 78 37 29 47 7 28 52 60 26 45 3 22 73 57 37 49 26 31 63 60 64 70 27 76 9 27 11 47 8 8 1 2 5 24 6 12 15 2 38 73 51 21 37 25 66 74 56 37 61 68 59 48 28 12 68 75 54 3 59 44 32 67 44 69 6 57 34 51 21 22 29 16 4 7 41 56 39 7 48 31 4 40 24 4 17
70 19 47 75 9 45 57 65 25 61 36 71 63 46 23 8 60 58 31 39 53 50 1 15 72 17 20 39 14 54 2 43 66 53 38 19 47 54 3 19 17 51 77 43 12 63 70 40 16 43 4 60 28 4 74 32 52 59 56 4 17 67 19 29 66 51 2 53 65 66 71 22 52 33 46 27 57 78 73 57 72 57 73 30 64 41 5 68 4 38 71 59 14 15 45 12 73 56 35 62 1 34 39 4 61 36 49 24 55 69 26 40 40 26 35 30 63 33 7 13 75 77 25 63 76 77 67 46 56 14 27 41 11 46 75 18 56 74 10 72 37 30 31 27 28 64 65 23 48 5
4 41 57 27 47 57 36 22 5 78 24 51 25 73 16 15 22 41 41 36 8 33 26 46 40 37 10 28 52 31 26 20 22 51 43 69 47 45 53 12 16 11 39 11 2 27 29 9 59 25 10 51 69 68 52 75 25 13 9 72 42 24 72 76 62 51 55 38 44 42 31 12 46 43 60 60 2 61 65 46 61 64 32 78 25 37 9 55 10 47 9 19 19 44 78 37 65 60 27 77 1 8 70 44 59 53 68 15 23 29 69 3 4 36 15 53 61 31 45 49 57 71 20 28 21 32 24 31 40 11 35 36 11 31 12 56 57 5 55 5 30 40 69 36 8 27 4 69 78 33
33 33 41 24 39 24 38 56 43 2 70 11 30 7 32 50 63 69 29 40 35 18 63 14 54 46 39 67 40 8 41 32 44 73 39 55 30 43 54 28 10 8 3 34 57 4 23 48 45 63 57 70 2 13 48 20 43 49 65 54 24 13 33 26 12 28 23 46 78 39 40 61 66 69 52 19 3 2 53 39 52 31 53 24 18 62 60 69 69 34 48 13 69 76 72 55 18 73 74 46 36 1 39 71 73 24 2 26 60 23 60 51 60 19 24 64 76 50 70 19 41 7 75 38 39 68 14 67 45 26 61 60 7 67 15 18 9 78 14 4 57 69 63 71 38 12 5 5 68 6
